# unix_time, cycles_done, cur_path, paths_total, pending_total, pending_favs, map_size, unique_crashes, unique_hangs, max_depth, execs_per_sec
1638921526, 0, 0, 86, 86, 31, 7.39%, 0, 0, 1, 1467.58
1638921531, 0, 0, 222, 222, 31, 7.87%, 0, 0, 2, 1625.64
1638921536, 0, 0, 262, 262, 31, 8.04%, 0, 0, 2, 1696.13
1638921542, 0, 0, 345, 345, 31, 8.13%, 0, 0, 2, 1294.17
1638921547, 0, 0, 452, 452, 31, 8.39%, 2, 0, 2, 1144.95
1638921552, 0, 0, 502, 502, 31, 8.46%, 5, 0, 2, 1168.89
1638921557, 0, 0, 546, 546, 31, 8.49%, 8, 0, 2, 1243.59
1638921562, 0, 0, 560, 560, 31, 8.50%, 8, 0, 2, 1257.08
1638921567, 0, 0, 579, 579, 31, 8.52%, 10, 0, 2, 1313.14
1638921572, 0, 0, 590, 590, 31, 8.53%, 10, 0, 2, 1208.82
1638921577, 0, 0, 602, 602, 31, 8.53%, 10, 0, 2, 1215.36
1638921582, 0, 0, 616, 616, 31, 8.54%, 10, 0, 2, 1214.63
1638921587, 0, 0, 632, 632, 31, 8.55%, 10, 0, 2, 1217.25
1638921592, 0, 0, 642, 642, 31, 8.56%, 11, 0, 2, 1350.27
1638921597, 0, 0, 652, 652, 31, 8.56%, 11, 0, 2, 1386.94
1638921602, 0, 0, 661, 661, 31, 8.57%, 12, 0, 2, 1389.47
1638921608, 0, 0, 664, 664, 31, 8.57%, 12, 0, 2, 1312.43
1638921613, 0, 0, 670, 670, 31, 8.57%, 12, 0, 2, 1261.09
1638921618, 0, 0, 676, 676, 31, 8.59%, 12, 0, 2, 1373.44
1638921623, 0, 0, 686, 686, 31, 8.60%, 12, 0, 2, 1401.43
1638921628, 0, 0, 693, 693, 31, 8.60%, 12, 0, 2, 1403.62
1638921633, 0, 0, 700, 700, 31, 8.60%, 13, 0, 2, 1397.28
1638921638, 0, 0, 706, 706, 31, 8.60%, 13, 0, 2, 1398.98
1638921643, 0, 0, 709, 709, 31, 8.60%, 13, 0, 2, 1399.08
1638921648, 0, 0, 715, 715, 31, 8.60%, 13, 0, 2, 1354.95
1638921653, 0, 0, 722, 722, 31, 8.60%, 13, 0, 2, 1281.21
1638921658, 0, 0, 725, 725, 31, 8.62%, 13, 0, 2, 1114.88
1638921663, 0, 0, 727, 727, 31, 8.62%, 13, 0, 2, 1116.42
1638921668, 0, 0, 734, 734, 31, 8.62%, 13, 0, 2, 1121.88
1638921673, 0, 2, 747, 746, 159, 8.65%, 13, 0, 2, 872.06
1638921678, 0, 2, 751, 750, 159, 8.66%, 13, 0, 2, 900.39
1638921683, 0, 2, 753, 752, 159, 8.67%, 13, 2, 2, 843.37
1638921699, 0, 2, 770, 769, 159, 8.70%, 14, 2, 2, 1090.75
1638921704, 0, 2, 778, 777, 159, 8.70%, 14, 5, 2, 1185.31
1638921709, 0, 2, 785, 784, 159, 8.73%, 14, 6, 2, 1029.47
1638921714, 0, 2, 792, 791, 159, 8.73%, 14, 6, 2, 1049.60
1638921719, 0, 2, 805, 804, 159, 8.73%, 14, 6, 2, 976.10
1638921724, 0, 2, 811, 810, 159, 8.73%, 14, 6, 2, 970.22
1638921729, 0, 2, 816, 815, 159, 8.73%, 14, 6, 2, 962.60
1638921734, 0, 2, 820, 819, 159, 8.75%, 14, 7, 2, 1127.08
1638921739, 0, 2, 823, 822, 159, 8.75%, 14, 8, 2, 1059.64
1638921744, 0, 2, 826, 825, 159, 8.75%, 14, 8, 2, 1094.56
1638921749, 0, 2, 828, 827, 159, 8.75%, 15, 8, 2, 1038.28
1638921754, 0, 2, 833, 832, 159, 8.75%, 15, 9, 2, 955.15
1638921759, 0, 2, 835, 834, 159, 8.76%, 15, 9, 2, 1016.84
1638921765, 0, 2, 839, 838, 159, 8.76%, 15, 11, 2, 1074.49
1638921770, 0, 2, 841, 840, 159, 8.76%, 15, 12, 2, 1214.57
1638921775, 0, 2, 843, 842, 159, 8.76%, 15, 12, 2, 1231.65
1638921780, 0, 2, 847, 846, 159, 8.77%, 16, 13, 2, 1199.37
1638921785, 0, 2, 848, 847, 159, 8.77%, 16, 13, 2, 1170.81
1638921790, 0, 2, 854, 853, 159, 8.77%, 16, 13, 2, 1066.49
1638921795, 0, 2, 856, 855, 159, 8.78%, 16, 13, 2, 1046.86
1638921800, 0, 2, 860, 859, 159, 8.78%, 16, 13, 2, 1159.50
1638921805, 0, 2, 864, 863, 159, 8.78%, 17, 13, 2, 1049.32
1638921810, 0, 8, 871, 869, 173, 8.79%, 17, 13, 2, 1087.78
1638921815, 0, 8, 873, 871, 173, 8.79%, 17, 13, 2, 1114.42
1638921825, 0, 8, 882, 880, 173, 8.79%, 17, 13, 2, 1202.44
1638921830, 0, 8, 888, 886, 173, 8.79%, 17, 13, 2, 1223.03
1638921841, 0, 8, 891, 889, 173, 8.79%, 17, 13, 2, 1190.55
1638921846, 0, 8, 894, 892, 173, 8.79%, 17, 13, 2, 1121.89
1638921851, 0, 8, 895, 893, 173, 8.79%, 17, 13, 2, 1173.96
1638921856, 0, 8, 897, 895, 173, 8.79%, 17, 13, 2, 1252.70
1638921861, 0, 8, 899, 897, 173, 8.79%, 17, 13, 2, 1171.45
1638921866, 0, 8, 900, 898, 173, 8.79%, 17, 13, 2, 1180.83
1638921871, 0, 8, 901, 899, 173, 8.79%, 17, 13, 2, 1119.77
1638921876, 0, 8, 903, 901, 173, 8.79%, 17, 13, 2, 1178.04
1638921881, 0, 8, 905, 903, 173, 8.79%, 17, 13, 2, 1243.97
1638921886, 0, 8, 906, 904, 173, 8.79%, 17, 13, 2, 1247.16
1638921891, 0, 8, 909, 907, 173, 8.79%, 17, 13, 2, 1261.18
1638921896, 0, 8, 910, 908, 173, 8.79%, 17, 13, 2, 1249.72
1638921902, 0, 8, 912, 910, 173, 8.79%, 17, 13, 2, 1235.61
1638921907, 0, 8, 913, 911, 173, 8.79%, 17, 13, 2, 1218.60
1638921922, 0, 8, 914, 912, 173, 8.79%, 17, 13, 2, 1139.26
1638921927, 0, 8, 916, 914, 173, 8.79%, 17, 13, 2, 1230.40
1638921932, 0, 8, 917, 915, 173, 8.79%, 17, 13, 2, 1232.71
1638921937, 0, 8, 917, 915, 173, 8.79%, 18, 13, 2, 1152.38
1638921942, 0, 8, 918, 916, 173, 8.79%, 18, 13, 2, 1163.49
1638921947, 0, 8, 920, 918, 173, 8.79%, 18, 13, 2, 1173.13
1638921952, 0, 8, 922, 920, 173, 8.79%, 18, 13, 2, 1142.81
1638921962, 0, 12, 936, 933, 176, 8.81%, 18, 13, 2, 1108.29
1638921977, 0, 12, 938, 935, 176, 8.82%, 18, 13, 2, 1031.65
1638921987, 0, 12, 945, 942, 176, 8.82%, 18, 13, 2, 1181.54
1638921992, 0, 12, 950, 947, 176, 8.82%, 18, 13, 2, 1276.42
1638921997, 0, 12, 952, 949, 176, 8.82%, 18, 13, 2, 1239.25
1638922003, 0, 12, 955, 952, 176, 8.83%, 18, 13, 2, 1116.43
1638922008, 0, 12, 959, 956, 176, 8.83%, 18, 13, 2, 1167.71
1638922013, 0, 12, 960, 957, 176, 8.83%, 18, 13, 2, 1197.43
1638922018, 0, 12, 961, 958, 176, 8.83%, 18, 13, 2, 1220.27
1638922023, 0, 12, 963, 960, 176, 8.83%, 19, 13, 2, 1207.39
1638922028, 0, 12, 964, 961, 176, 8.83%, 19, 13, 2, 1197.58
1638922033, 0, 12, 967, 964, 176, 8.83%, 19, 13, 2, 1177.74
1638922038, 0, 12, 970, 967, 176, 8.84%, 19, 13, 2, 1146.40
1638922053, 0, 12, 971, 968, 176, 8.84%, 19, 13, 2, 1113.21
1638922063, 0, 12, 973, 970, 176, 8.84%, 19, 13, 2, 1300.90
1638922068, 0, 12, 974, 971, 176, 8.85%, 19, 13, 2, 1213.99
1638922073, 0, 12, 974, 971, 176, 8.85%, 20, 13, 2, 1242.10
1638922079, 0, 12, 975, 972, 176, 8.85%, 20, 13, 2, 1319.59
1638922084, 0, 12, 976, 973, 176, 8.85%, 20, 13, 2, 1328.41
1638922089, 0, 12, 979, 976, 176, 8.85%, 20, 13, 2, 1339.50
1638922094, 0, 12, 980, 977, 176, 8.85%, 20, 13, 2, 1344.08
1638922099, 0, 12, 982, 979, 176, 8.85%, 20, 13, 2, 1320.89
1638922104, 0, 12, 983, 980, 176, 8.85%, 20, 13, 2, 1350.94
1638922109, 0, 12, 984, 981, 176, 8.85%, 20, 13, 2, 1327.26
1638922114, 0, 20, 985, 981, 178, 8.85%, 20, 13, 2, 1341.76
1638922119, 0, 20, 1018, 1014, 178, 8.89%, 20, 13, 2, 996.34
1638922124, 0, 20, 1020, 1016, 178, 8.89%, 20, 13, 2, 952.96
1638922129, 0, 20, 1027, 1023, 178, 8.89%, 20, 14, 2, 962.04
1638922134, 0, 20, 1028, 1024, 178, 8.89%, 20, 17, 2, 903.06
1638922144, 0, 20, 1029, 1025, 178, 8.89%, 20, 17, 2, 859.58
1638922149, 0, 20, 1029, 1025, 178, 8.89%, 20, 18, 2, 943.15
1638922159, 0, 20, 1042, 1038, 178, 8.91%, 20, 18, 2, 1088.31
1638922165, 0, 20, 1072, 1068, 178, 8.92%, 20, 18, 2, 1243.78
1638922170, 0, 20, 1085, 1081, 178, 8.92%, 20, 19, 2, 1272.98
1638922175, 0, 20, 1088, 1084, 178, 8.92%, 20, 20, 2, 1246.83
1638922180, 0, 20, 1096, 1092, 178, 8.93%, 20, 20, 2, 1276.05
1638922185, 0, 20, 1100, 1096, 178, 8.93%, 21, 20, 2, 1306.05
1638922190, 0, 20, 1104, 1100, 178, 8.93%, 21, 20, 2, 1284.42
1638922195, 0, 20, 1109, 1105, 178, 8.94%, 22, 20, 2, 1277.31
1638922200, 0, 20, 1110, 1106, 178, 8.94%, 22, 20, 2, 1180.97
1638922205, 0, 20, 1113, 1109, 178, 8.94%, 22, 20, 2, 1141.72
1638922210, 0, 20, 1114, 1110, 178, 8.94%, 22, 20, 2, 1238.31
1638922215, 0, 20, 1116, 1112, 178, 8.95%, 22, 21, 2, 1262.97
1638922220, 0, 20, 1118, 1114, 178, 8.95%, 22, 22, 2, 1176.16
1638922225, 0, 20, 1119, 1115, 178, 8.95%, 22, 23, 2, 1251.29
1638922230, 0, 20, 1122, 1118, 178, 8.95%, 22, 23, 2, 1255.83
1638922235, 0, 20, 1124, 1120, 178, 8.95%, 22, 23, 2, 1267.11
1638922240, 0, 20, 1126, 1122, 178, 8.95%, 22, 23, 2, 1268.13
1638922246, 0, 20, 1127, 1123, 178, 8.95%, 25, 23, 2, 1289.50
1638922251, 0, 20, 1129, 1125, 178, 8.95%, 25, 23, 2, 1280.79
1638922256, 0, 26, 1133, 1128, 185, 8.95%, 25, 24, 2, 1227.04
1638922261, 0, 26, 1144, 1139, 185, 8.95%, 25, 24, 2, 881.97
1638922266, 0, 26, 1146, 1141, 185, 8.95%, 25, 24, 2, 745.32
1638922271, 0, 26, 1149, 1144, 185, 8.95%, 25, 24, 2, 760.54
1638922282, 0, 26, 1152, 1147, 185, 8.95%, 25, 24, 2, 842.31
1638922287, 0, 26, 1153, 1148, 185, 8.96%, 25, 24, 2, 830.06
1638922292, 0, 26, 1154, 1149, 185, 8.96%, 25, 24, 2, 787.52
1638922297, 0, 26, 1155, 1150, 185, 8.96%, 25, 24, 2, 817.47
1638922307, 0, 26, 1156, 1151, 185, 8.96%, 25, 24, 2, 771.20
1638922317, 0, 26, 1157, 1152, 185, 8.96%, 25, 24, 2, 704.16
1638922353, 0, 26, 1158, 1153, 185, 8.96%, 25, 24, 2, 761.52
1638922358, 0, 26, 1161, 1156, 185, 8.97%, 25, 24, 2, 1060.77
1638922383, 0, 26, 1162, 1157, 185, 8.97%, 25, 24, 2, 940.18
1638922388, 0, 26, 1167, 1162, 185, 8.98%, 25, 24, 2, 1173.61
1638922393, 0, 26, 1170, 1165, 185, 8.98%, 25, 24, 2, 1241.70
1638922398, 0, 26, 1171, 1166, 185, 8.98%, 25, 24, 2, 1124.96
1638922403, 0, 26, 1173, 1168, 185, 8.99%, 25, 24, 2, 1195.94
1638922419, 0, 26, 1174, 1169, 185, 8.99%, 25, 24, 2, 1165.97
1638922424, 0, 26, 1176, 1171, 185, 8.99%, 25, 24, 2, 1209.56
1638922429, 0, 26, 1180, 1175, 185, 8.99%, 25, 24, 2, 1216.73
1638922434, 0, 26, 1182, 1177, 185, 8.99%, 25, 24, 2, 1221.08
1638922444, 0, 26, 1183, 1178, 185, 8.99%, 25, 24, 2, 1237.86
1638922454, 0, 26, 1184, 1179, 185, 9.00%, 25, 24, 2, 1225.17
1638922459, 0, 26, 1185, 1180, 185, 9.01%, 25, 24, 2, 1231.79
1638922464, 0, 26, 1186, 1181, 185, 9.01%, 25, 24, 2, 1120.77
1638922469, 0, 26, 1188, 1183, 185, 9.01%, 25, 24, 2, 1188.35
1638922474, 0, 26, 1190, 1185, 185, 9.01%, 25, 24, 2, 1223.95
1638922484, 0, 32, 1191, 1185, 195, 9.01%, 25, 24, 2, 1276.44
1638922505, 0, 42, 1192, 1185, 194, 9.01%, 25, 24, 2, 1361.84
1638922510, 0, 42, 1194, 1187, 194, 9.01%, 25, 24, 2, 1321.72
1638922515, 0, 42, 1199, 1192, 194, 9.02%, 25, 24, 2, 1353.83
1638922530, 0, 42, 1200, 1193, 194, 9.02%, 25, 24, 2, 1245.30
1638922535, 0, 42, 1201, 1194, 194, 9.03%, 25, 24, 2, 1350.43
1638922540, 0, 42, 1202, 1195, 194, 9.03%, 26, 24, 2, 1385.68
1638922550, 0, 42, 1203, 1196, 194, 9.03%, 26, 24, 2, 1385.21
1638922555, 0, 42, 1204, 1197, 194, 9.03%, 26, 24, 2, 1384.55
1638922570, 0, 42, 1204, 1197, 194, 9.03%, 27, 24, 2, 1371.00
1638922575, 0, 42, 1205, 1198, 194, 9.03%, 29, 24, 2, 1328.03
1638922596, 0, 42, 1206, 1199, 194, 9.03%, 29, 25, 2, 1219.54
1638922626, 0, 42, 1207, 1200, 194, 9.03%, 29, 25, 2, 1218.07
1638922631, 0, 42, 1209, 1202, 194, 9.03%, 29, 25, 2, 1345.76
1638922636, 0, 44, 1209, 1201, 196, 9.03%, 29, 27, 2, 1149.07
1638922641, 0, 44, 1209, 1201, 196, 9.03%, 29, 28, 2, 1234.35
1638922646, 0, 44, 1212, 1204, 196, 9.03%, 29, 29, 2, 1282.91
1638922651, 0, 44, 1214, 1206, 196, 9.03%, 29, 30, 2, 1328.58
1638922656, 0, 44, 1218, 1210, 196, 9.03%, 29, 32, 2, 1350.01
1638922661, 0, 44, 1220, 1212, 196, 9.03%, 29, 32, 2, 1218.48
1638922671, 0, 44, 1222, 1214, 196, 9.03%, 30, 32, 2, 1352.51
1638922681, 0, 44, 1222, 1214, 196, 9.03%, 30, 33, 2, 1364.02
1638922686, 0, 44, 1223, 1215, 196, 9.03%, 30, 33, 2, 1353.73
1638922691, 0, 44, 1224, 1216, 196, 9.03%, 30, 33, 2, 1352.69
1638922697, 0, 44, 1224, 1216, 196, 9.03%, 31, 34, 2, 1340.92
1638922702, 0, 44, 1225, 1217, 196, 9.03%, 31, 35, 2, 1334.89
1638922712, 0, 44, 1226, 1218, 196, 9.03%, 31, 35, 2, 1360.62
1638922717, 0, 44, 1229, 1221, 196, 9.03%, 31, 35, 2, 1358.39
1638922722, 0, 44, 1231, 1223, 196, 9.03%, 31, 35, 2, 1356.52
1638922727, 0, 44, 1231, 1223, 196, 9.03%, 31, 36, 2, 1220.03
1638922737, 0, 44, 1233, 1225, 196, 9.03%, 31, 36, 2, 1336.41
1638922742, 0, 44, 1233, 1225, 196, 9.03%, 31, 37, 2, 1338.58
1638922752, 0, 44, 1234, 1226, 196, 9.03%, 31, 38, 2, 1240.28
1638922757, 0, 44, 1234, 1226, 196, 9.03%, 32, 39, 2, 1262.60
1638922762, 0, 44, 1234, 1226, 196, 9.03%, 32, 40, 2, 1305.78
1638922767, 0, 46, 1242, 1233, 195, 9.08%, 33, 40, 2, 1466.69
1638922772, 0, 46, 1247, 1238, 195, 9.08%, 33, 40, 2, 1497.74
1638922777, 0, 46, 1249, 1240, 195, 9.08%, 33, 40, 2, 1490.76
1638922782, 0, 46, 1250, 1241, 195, 9.08%, 33, 40, 2, 1502.06
1638922793, 0, 46, 1250, 1241, 195, 9.08%, 34, 40, 2, 1370.40
1638922798, 0, 46, 1251, 1242, 195, 9.08%, 34, 40, 2, 1472.37
1638922813, 0, 46, 1252, 1243, 195, 9.08%, 34, 40, 2, 1500.31
1638922823, 0, 46, 1252, 1243, 195, 9.08%, 35, 40, 2, 1515.74
1638922833, 0, 46, 1253, 1244, 195, 9.08%, 35, 40, 2, 1495.24
1638922844, 0, 46, 1254, 1245, 195, 9.08%, 35, 40, 2, 1498.77
1638922849, 0, 46, 1255, 1246, 195, 9.08%, 35, 40, 2, 1514.15
1638922874, 0, 46, 1256, 1247, 195, 9.08%, 35, 40, 2, 1478.39
1638922879, 0, 50, 1264, 1253, 202, 9.17%, 35, 40, 2, 1476.24
1638922889, 0, 50, 1273, 1262, 202, 9.18%, 38, 40, 2, 1427.22
1638922894, 0, 50, 1276, 1265, 202, 9.19%, 42, 40, 2, 1425.26
1638922899, 0, 50, 1280, 1269, 202, 9.19%, 44, 40, 2, 1446.79
1638922904, 0, 50, 1283, 1272, 202, 9.20%, 44, 40, 2, 1434.20
1638922909, 0, 50, 1284, 1273, 202, 9.20%, 45, 40, 2, 1434.48
1638922919, 0, 50, 1285, 1274, 202, 9.20%, 45, 40, 2, 1417.36
1638922925, 0, 50, 1286, 1275, 202, 9.20%, 45, 40, 2, 1301.16
1638922935, 0, 50, 1287, 1276, 202, 9.20%, 47, 40, 2, 1433.02
1638922940, 0, 50, 1288, 1277, 202, 9.20%, 47, 40, 2, 1442.43
1638922945, 0, 50, 1289, 1278, 202, 9.20%, 47, 40, 2, 1445.43
1638922950, 0, 50, 1291, 1280, 202, 9.20%, 47, 40, 2, 1438.03
1638922970, 0, 50, 1293, 1282, 202, 9.20%, 47, 40, 2, 1403.37
1638922975, 0, 50, 1294, 1283, 202, 9.20%, 47, 40, 2, 1390.84
1638922980, 0, 50, 1295, 1284, 202, 9.20%, 47, 40, 2, 1374.60
1638923006, 0, 54, 1296, 1284, 206, 9.21%, 47, 40, 2, 1362.79
1638923011, 0, 54, 1299, 1287, 206, 9.21%, 48, 40, 2, 1336.53
1638923016, 0, 54, 1299, 1287, 206, 9.21%, 49, 40, 2, 1068.06
1638923021, 0, 54, 1300, 1288, 206, 9.21%, 49, 40, 2, 1027.69
1638923026, 0, 54, 1302, 1290, 206, 9.21%, 49, 40, 2, 1272.27
1638923041, 0, 54, 1303, 1291, 206, 9.21%, 50, 40, 2, 1355.26
1638923051, 0, 54, 1304, 1292, 206, 9.21%, 50, 40, 2, 1096.44
1638923062, 0, 54, 1304, 1292, 206, 9.21%, 51, 40, 2, 1267.18
1638923067, 0, 54, 1305, 1293, 206, 9.21%, 52, 40, 2, 1123.56
1638923087, 0, 54, 1305, 1293, 206, 9.21%, 53, 40, 2, 1325.53
1638923097, 0, 54, 1307, 1295, 206, 9.21%, 53, 40, 2, 1026.09
1638923102, 0, 54, 1308, 1296, 206, 9.21%, 53, 40, 2, 1225.33
1638923108, 0, 54, 1309, 1297, 206, 9.21%, 53, 40, 2, 1293.14
1638923133, 0, 54, 1311, 1299, 206, 9.21%, 53, 40, 2, 1367.66
1638923138, 0, 56, 1311, 1298, 209, 9.21%, 53, 40, 2, 1212.54
1638923143, 0, 56, 1312, 1299, 209, 9.21%, 53, 40, 2, 1163.46
1638923153, 0, 58, 1313, 1299, 208, 9.21%, 53, 40, 2, 1042.72
1638923158, 0, 58, 1314, 1300, 208, 9.23%, 53, 40, 2, 1199.56
1638923163, 0, 58, 1319, 1305, 208, 9.23%, 53, 40, 2, 1347.96
1638923168, 0, 58, 1320, 1306, 208, 9.23%, 53, 40, 2, 1390.85
1638923173, 0, 58, 1321, 1307, 208, 9.23%, 53, 40, 2, 1343.62
1638923178, 0, 58, 1323, 1309, 208, 9.23%, 53, 40, 2, 1333.35
1638923189, 0, 58, 1324, 1310, 208, 9.23%, 53, 40, 2, 1200.33
1638923194, 0, 58, 1325, 1311, 208, 9.23%, 53, 40, 2, 1349.77
1638923219, 0, 58, 1326, 1312, 208, 9.23%, 53, 40, 2, 1258.17
1638923239, 0, 58, 1327, 1313, 208, 9.23%, 54, 40, 2, 1276.75
1638923244, 0, 58, 1329, 1315, 208, 9.23%, 54, 40, 2, 1189.02
1638923254, 0, 60, 1329, 1314, 208, 9.23%, 56, 40, 2, 1223.84
1638923259, 0, 62, 1329, 1313, 207, 9.23%, 56, 40, 2, 1175.68
1638923270, 0, 70, 1329, 1312, 206, 9.23%, 56, 40, 2, 1324.38
1638923285, 0, 70, 1332, 1315, 206, 9.23%, 56, 40, 2, 1249.84
1638923290, 0, 70, 1335, 1318, 206, 9.23%, 56, 40, 2, 1286.27
1638923295, 0, 70, 1336, 1319, 206, 9.23%, 56, 40, 2, 1336.35
1638923305, 0, 70, 1338, 1321, 206, 9.23%, 56, 40, 2, 1314.77
1638923310, 0, 70, 1340, 1323, 206, 9.23%, 56, 40, 2, 1358.12
1638923330, 0, 70, 1341, 1324, 206, 9.24%, 56, 40, 2, 983.91
1638923335, 0, 70, 1343, 1326, 206, 9.24%, 56, 40, 2, 1205.72
1638923412, 0, 72, 1345, 1327, 205, 9.24%, 56, 40, 2, 1304.22
1638923417, 0, 72, 1352, 1334, 205, 9.24%, 57, 42, 2, 1334.53
1638923422, 0, 72, 1355, 1337, 205, 9.24%, 58, 46, 2, 1192.49
1638923427, 0, 72, 1359, 1341, 205, 9.24%, 58, 46, 2, 1244.92
1638923432, 0, 72, 1364, 1346, 205, 9.24%, 59, 46, 2, 1172.18
1638923437, 0, 72, 1366, 1348, 205, 9.24%, 60, 46, 2, 1212.65
1638923442, 0, 72, 1367, 1349, 205, 9.24%, 62, 46, 2, 1161.93
1638923447, 0, 72, 1371, 1353, 205, 9.24%, 62, 47, 2, 1213.53
1638923452, 0, 72, 1372, 1354, 205, 9.24%, 62, 47, 2, 1162.21
1638923457, 0, 72, 1376, 1358, 205, 9.25%, 62, 49, 2, 1267.86
1638923467, 0, 72, 1378, 1360, 205, 9.25%, 62, 50, 2, 1257.06
1638923472, 0, 72, 1381, 1363, 205, 9.25%, 63, 50, 2, 1263.48
1638923477, 0, 72, 1382, 1364, 205, 9.25%, 65, 50, 2, 1286.66
1638923482, 0, 72, 1384, 1366, 205, 9.25%, 65, 50, 2, 1254.69
1638923487, 0, 72, 1384, 1366, 205, 9.25%, 65, 51, 2, 1357.83
1638923493, 0, 72, 1384, 1366, 205, 9.25%, 66, 53, 2, 1230.66
1638923498, 0, 72, 1385, 1367, 205, 9.25%, 66, 54, 2, 1210.84
1638923503, 0, 72, 1385, 1367, 205, 9.25%, 66, 55, 2, 1339.55
1638923513, 0, 72, 1386, 1368, 205, 9.25%, 67, 58, 2, 1254.26
1638923518, 0, 72, 1386, 1368, 205, 9.25%, 67, 60, 2, 848.86
1638923523, 0, 72, 1387, 1369, 205, 9.25%, 67, 60, 2, 887.64
1638923529, 0, 72, 1388, 1370, 205, 9.25%, 67, 60, 2, 1216.96
1638923534, 0, 72, 1390, 1372, 205, 9.25%, 68, 60, 2, 1176.92
1638923544, 0, 72, 1391, 1373, 205, 9.25%, 68, 60, 2, 1306.44
1638923549, 0, 76, 1391, 1372, 215, 9.25%, 68, 61, 2, 1333.50
1638923554, 0, 78, 1391, 1371, 214, 9.25%, 68, 62, 2, 1349.49
1638923559, 0, 78, 1391, 1371, 214, 9.25%, 68, 63, 2, 1251.95
1638923564, 0, 78, 1393, 1373, 214, 9.25%, 68, 64, 2, 1278.62
1638923574, 0, 78, 1394, 1374, 214, 9.25%, 68, 65, 2, 1362.02
1638923579, 0, 78, 1395, 1375, 214, 9.25%, 68, 65, 2, 1189.10
1638923620, 0, 78, 1396, 1376, 214, 9.25%, 68, 65, 2, 1254.06
1638923630, 0, 78, 1396, 1376, 214, 9.25%, 68, 66, 2, 1020.90
1638923656, 0, 78, 1396, 1376, 214, 9.25%, 69, 66, 2, 1161.49
1638923661, 0, 78, 1396, 1376, 214, 9.25%, 70, 66, 2, 1220.59
1638923686, 0, 78, 1396, 1376, 214, 9.25%, 71, 66, 2, 1300.71
1638923696, 0, 84, 1396, 1375, 213, 9.25%, 71, 66, 2, 1333.93
1638923702, 0, 84, 1397, 1376, 213, 9.25%, 71, 66, 2, 1230.13
1638923712, 0, 84, 1399, 1378, 213, 9.25%, 71, 66, 2, 1190.78
1638923722, 0, 84, 1400, 1379, 213, 9.25%, 71, 66, 2, 951.40
1638923737, 0, 84, 1400, 1379, 213, 9.25%, 72, 66, 2, 1151.12
1638923747, 0, 84, 1401, 1380, 213, 9.25%, 72, 66, 2, 1227.91
1638923773, 0, 84, 1402, 1381, 213, 9.25%, 72, 66, 2, 809.90
1638923798, 0, 84, 1403, 1382, 213, 9.25%, 72, 66, 2, 1325.36
1638923808, 0, 84, 1404, 1383, 213, 9.25%, 72, 66, 2, 1277.25
1638923813, 0, 112, 1405, 1383, 213, 9.25%, 72, 66, 2, 1212.25
1638923839, 0, 114, 1405, 1382, 213, 9.25%, 72, 66, 2, 1351.29
1638923849, 0, 122, 1406, 1382, 212, 9.26%, 72, 66, 3, 1321.41
1638923859, 0, 129, 1406, 1381, 213, 9.26%, 72, 66, 3, 1360.71
1638923879, 0, 131, 1406, 1380, 212, 9.26%, 72, 66, 3, 1383.49
1638923889, 0, 133, 1406, 1379, 211, 9.26%, 72, 66, 3, 1167.10
1638923915, 0, 142, 1406, 1378, 210, 9.26%, 72, 66, 3, 1225.08
1638923935, 0, 147, 1406, 1377, 209, 9.26%, 72, 66, 3, 1236.27
1638923950, 0, 150, 1406, 1376, 208, 9.26%, 72, 66, 3, 1262.03
1638923975, 0, 159, 1406, 1375, 207, 9.26%, 72, 66, 3, 1331.64
1638923980, 0, 162, 1406, 1374, 206, 9.26%, 72, 66, 3, 1358.36
1638923985, 0, 175, 1407, 1374, 205, 9.26%, 72, 66, 3, 1337.79
1638923990, 0, 177, 1407, 1373, 204, 9.26%, 72, 66, 3, 1358.40
1638924001, 0, 180, 1407, 1372, 203, 9.26%, 72, 66, 3, 1374.27
1638924006, 0, 180, 1407, 1372, 203, 9.26%, 72, 67, 3, 1306.19
1638924016, 0, 190, 1407, 1371, 202, 9.26%, 72, 67, 3, 1299.63
1638924036, 0, 190, 1407, 1371, 202, 9.26%, 73, 67, 3, 1326.47
1638924041, 0, 195, 1407, 1369, 201, 9.26%, 73, 67, 3, 1305.02
1638924046, 0, 203, 1407, 1368, 200, 9.26%, 73, 67, 3, 1316.66
1638924051, 0, 207, 1407, 1367, 199, 9.26%, 73, 67, 3, 1196.30
1638924071, 0, 210, 1407, 1366, 198, 9.26%, 73, 67, 3, 1234.62
1638924092, 0, 210, 1409, 1368, 198, 9.26%, 73, 67, 3, 1117.14
1638924097, 0, 210, 1410, 1369, 198, 9.26%, 73, 67, 3, 1257.10
1638924102, 0, 210, 1411, 1370, 198, 9.26%, 73, 67, 3, 1257.25
1638924107, 0, 210, 1412, 1371, 198, 9.26%, 73, 67, 3, 1216.53
1638924122, 0, 210, 1413, 1372, 198, 9.26%, 73, 67, 3, 1288.37
1638924142, 0, 210, 1414, 1373, 198, 9.26%, 73, 67, 3, 1323.45
1638924188, 0, 215, 1414, 1372, 197, 9.26%, 73, 67, 3, 1239.72
1638924193, 0, 219, 1414, 1371, 196, 9.26%, 73, 67, 3, 1300.85
1638924198, 0, 219, 1415, 1372, 196, 9.26%, 73, 67, 3, 1242.72
1638924203, 0, 220, 1415, 1371, 197, 9.26%, 73, 67, 3, 1237.95
1638924219, 0, 257, 1415, 1370, 196, 9.26%, 73, 67, 3, 1271.30
1638924244, 0, 292, 1415, 1369, 196, 9.26%, 73, 67, 3, 1195.04
1638924249, 0, 298, 1415, 1368, 195, 9.26%, 73, 67, 3, 1306.12
1638924254, 0, 311, 1415, 1366, 193, 9.26%, 73, 67, 3, 1276.11
1638924259, 0, 319, 1415, 1365, 192, 9.26%, 73, 67, 3, 1175.88
1638924270, 0, 321, 1415, 1364, 192, 9.26%, 73, 67, 3, 1244.50
1638924280, 0, 339, 1415, 1362, 190, 9.26%, 73, 67, 3, 1420.26
1638924285, 0, 342, 1415, 1361, 189, 9.26%, 73, 67, 3, 1429.69
1638924290, 0, 345, 1415, 1359, 187, 9.26%, 74, 67, 3, 1424.40
1638924300, 0, 345, 1416, 1360, 187, 9.26%, 74, 67, 3, 1267.83
1638924305, 0, 346, 1416, 1359, 187, 9.26%, 74, 67, 3, 1141.61
1638924310, 0, 348, 1416, 1358, 186, 9.26%, 74, 67, 3, 1276.20
1638924315, 0, 352, 1416, 1357, 185, 9.26%, 74, 67, 3, 1376.42
1638924330, 0, 368, 1416, 1355, 183, 9.26%, 74, 67, 3, 1305.89
1638924340, 0, 368, 1417, 1356, 183, 9.26%, 74, 67, 3, 1423.49
1638924345, 0, 369, 1417, 1355, 182, 9.26%, 74, 67, 3, 1407.65
1638924350, 0, 390, 1417, 1354, 181, 9.26%, 74, 67, 3, 1406.99
1638924361, 0, 397, 1417, 1353, 180, 9.26%, 74, 67, 3, 1196.12
1638924366, 0, 398, 1417, 1352, 179, 9.26%, 74, 67, 3, 1348.89
1638924371, 0, 399, 1417, 1351, 178, 9.26%, 74, 67, 3, 1197.01
1638924376, 0, 406, 1417, 1350, 177, 9.26%, 74, 67, 3, 1210.77
1638924386, 0, 406, 1418, 1351, 177, 9.26%, 74, 67, 3, 1425.31
1638924391, 0, 407, 1418, 1350, 176, 9.26%, 74, 67, 3, 1460.17
1638924396, 0, 416, 1418, 1348, 174, 9.26%, 74, 67, 3, 1388.09
1638924401, 0, 424, 1418, 1347, 173, 9.26%, 74, 67, 3, 1404.77
1638924406, 0, 430, 1418, 1346, 172, 9.26%, 74, 67, 3, 1206.77
1638924426, 0, 432, 1418, 1345, 171, 9.26%, 74, 67, 3, 1182.09
1638924436, 0, 437, 1418, 1344, 170, 9.26%, 74, 67, 3, 1140.43
1638924451, 0, 444, 1418, 1342, 168, 9.26%, 74, 67, 3, 1342.61
1638924457, 0, 445, 1418, 1341, 167, 9.26%, 74, 67, 3, 1310.18
1638924462, 0, 453, 1418, 1340, 166, 9.26%, 74, 67, 3, 1558.65
1638924467, 0, 455, 1418, 1339, 165, 9.26%, 74, 67, 3, 1511.51
1638924472, 0, 455, 1420, 1341, 165, 9.26%, 74, 67, 3, 1399.16
1638924482, 0, 467, 1420, 1340, 164, 9.26%, 74, 67, 3, 1436.97
1638924492, 0, 478, 1420, 1339, 163, 9.26%, 74, 67, 3, 1383.19
1638924502, 0, 480, 1420, 1337, 161, 9.26%, 74, 67, 3, 1361.65
1638924507, 0, 485, 1420, 1336, 160, 9.26%, 74, 67, 3, 1510.21
1638924517, 0, 489, 1420, 1335, 159, 9.26%, 74, 67, 3, 1603.25
1638924527, 0, 498, 1420, 1333, 157, 9.26%, 74, 67, 3, 1632.17
1638924543, 0, 501, 1420, 1332, 157, 9.26%, 74, 67, 3, 1640.37
1638924548, 0, 517, 1420, 1331, 156, 9.26%, 74, 67, 3, 1639.05
1638924553, 0, 520, 1420, 1329, 154, 9.26%, 74, 67, 3, 1662.93
1638924558, 0, 521, 1420, 1328, 154, 9.26%, 74, 67, 3, 1336.51
1638924563, 0, 523, 1420, 1327, 153, 9.26%, 74, 67, 3, 1324.24
1638924568, 0, 523, 1422, 1329, 153, 9.26%, 74, 67, 3, 1262.02
1638924584, 0, 530, 1422, 1328, 152, 9.26%, 74, 67, 3, 1707.29
1638924589, 0, 535, 1422, 1327, 152, 9.26%, 74, 67, 3, 1853.21
1638924599, 0, 538, 1422, 1326, 151, 9.26%, 74, 67, 3, 1748.45
1638924604, 0, 547, 1422, 1325, 150, 9.26%, 74, 67, 3, 1652.71
1638924609, 0, 547, 1423, 1326, 150, 9.26%, 74, 67, 3, 1644.95
1638924614, 0, 549, 1423, 1325, 149, 9.26%, 74, 67, 3, 1488.47
1638924619, 0, 560, 1423, 1323, 147, 9.26%, 74, 67, 3, 1403.35
1638924624, 0, 565, 1423, 1322, 146, 9.26%, 74, 67, 3, 1537.56
1638924629, 0, 576, 1423, 1321, 145, 9.26%, 74, 67, 3, 1533.80
1638924635, 0, 576, 1425, 1323, 145, 9.26%, 74, 67, 3, 992.35
1638924640, 0, 576, 1425, 1323, 145, 9.26%, 75, 67, 3, 1189.96
1638924650, 0, 590, 1426, 1323, 144, 9.26%, 75, 67, 3, 1534.94
1638924660, 0, 602, 1426, 1322, 143, 9.26%, 75, 67, 3, 1024.48
1638924665, 0, 602, 1427, 1323, 143, 9.26%, 75, 67, 3, 1097.35
1638924670, 0, 612, 1427, 1322, 142, 9.26%, 75, 67, 3, 1207.39
1638924675, 0, 627, 1427, 1321, 141, 9.26%, 75, 67, 3, 1408.52
1638924686, 0, 630, 1427, 1320, 140, 9.26%, 75, 67, 3, 1372.34
1638924696, 0, 635, 1427, 1319, 139, 9.26%, 75, 67, 3, 1554.70
1638924701, 0, 637, 1427, 1318, 138, 9.26%, 75, 67, 3, 1539.84
1638924706, 0, 638, 1427, 1317, 137, 9.26%, 75, 67, 3, 1648.16
1638924711, 0, 644, 1427, 1316, 136, 9.26%, 75, 67, 3, 1648.25
1638924716, 0, 646, 1427, 1315, 135, 9.26%, 75, 67, 3, 1673.38
1638924721, 0, 655, 1427, 1314, 134, 9.26%, 75, 67, 3, 1583.68
1638924726, 0, 665, 1428, 1314, 133, 9.26%, 76, 67, 3, 1617.42
1638924731, 0, 665, 1428, 1314, 133, 9.26%, 76, 68, 3, 1616.01
1638924736, 0, 669, 1428, 1313, 132, 9.26%, 76, 69, 3, 1683.73
1638924741, 0, 669, 1429, 1314, 132, 9.26%, 76, 69, 3, 1795.14
1638924751, 0, 679, 1431, 1315, 132, 9.26%, 76, 69, 3, 1565.23
1638924756, 0, 683, 1431, 1314, 131, 9.26%, 76, 69, 3, 1537.62
1638924777, 0, 691, 1431, 1313, 130, 9.26%, 76, 69, 3, 1506.37
1638924792, 0, 692, 1431, 1312, 130, 9.26%, 76, 69, 3, 1544.89
1638924797, 0, 698, 1431, 1311, 129, 9.26%, 76, 69, 3, 1443.92
1638924807, 0, 698, 1432, 1312, 129, 9.26%, 76, 69, 3, 1513.79
1638924817, 0, 700, 1432, 1311, 128, 9.26%, 76, 69, 3, 1614.37
1638924822, 0, 718, 1432, 1310, 128, 9.26%, 76, 69, 3, 1610.73
1638924828, 0, 725, 1432, 1309, 127, 9.26%, 76, 69, 3, 1638.35
1638924833, 0, 725, 1433, 1310, 127, 9.26%, 76, 69, 3, 1453.06
1638924838, 0, 725, 1434, 1311, 127, 9.26%, 76, 69, 3, 1630.27
1638924843, 0, 725, 1435, 1312, 127, 9.26%, 76, 69, 3, 1654.90
1638924848, 0, 729, 1435, 1311, 127, 9.26%, 76, 69, 3, 1636.46
1638924863, 0, 737, 1435, 1310, 126, 9.26%, 76, 69, 3, 1463.58
1638924883, 0, 737, 1436, 1311, 126, 9.26%, 76, 70, 3, 1458.87
1638924888, 0, 740, 1437, 1311, 125, 9.26%, 76, 70, 3, 1408.14
1638924914, 0, 744, 1437, 1310, 125, 9.26%, 76, 70, 3, 1449.97
1638924934, 0, 750, 1437, 1309, 124, 9.26%, 76, 70, 3, 1328.99
1638924954, 0, 758, 1437, 1308, 123, 9.26%, 76, 70, 3, 1427.29
1638924959, 0, 758, 1437, 1308, 123, 9.26%, 76, 71, 3, 1463.10
1638924964, 0, 758, 1438, 1309, 123, 9.26%, 76, 71, 3, 1398.08
1638924974, 0, 758, 1442, 1313, 123, 9.26%, 76, 72, 3, 1550.77
1638924979, 0, 758, 1443, 1314, 123, 9.26%, 76, 72, 3, 1564.99
1638924984, 0, 758, 1445, 1316, 123, 9.26%, 76, 72, 3, 1504.43
1638924989, 0, 758, 1445, 1316, 123, 9.26%, 76, 73, 3, 1535.74
1638924994, 0, 758, 1446, 1317, 123, 9.27%, 76, 73, 3, 1556.76
1638925015, 0, 758, 1446, 1317, 123, 9.27%, 76, 74, 3, 1128.12
1638925020, 0, 758, 1448, 1319, 123, 9.27%, 76, 74, 3, 1136.46
1638925025, 0, 758, 1449, 1320, 123, 9.27%, 76, 74, 3, 1265.58
1638925035, 0, 758, 1450, 1321, 123, 9.27%, 76, 74, 3, 1262.49
1638925040, 0, 758, 1451, 1322, 123, 9.27%, 76, 74, 3, 1255.72
1638925045, 0, 758, 1451, 1322, 123, 9.27%, 77, 74, 3, 1317.66
1638925050, 0, 763, 1453, 1323, 125, 9.27%, 77, 74, 3, 1332.55
1638925060, 0, 763, 1459, 1329, 125, 9.27%, 77, 74, 3, 1352.10
1638925075, 0, 763, 1462, 1332, 125, 9.27%, 77, 74, 3, 1380.38
1638925086, 0, 763, 1464, 1334, 125, 9.27%, 77, 74, 3, 1368.27
1638925091, 0, 763, 1465, 1335, 125, 9.27%, 77, 74, 3, 1386.85
1638925096, 0, 763, 1467, 1337, 125, 9.27%, 77, 74, 3, 1254.42
1638925101, 0, 763, 1469, 1339, 125, 9.27%, 77, 74, 3, 1344.45
1638925106, 0, 763, 1470, 1340, 125, 9.27%, 77, 74, 3, 1378.34
1638925111, 0, 763, 1471, 1341, 125, 9.27%, 77, 74, 3, 1372.60
1638925131, 0, 763, 1472, 1342, 125, 9.27%, 77, 74, 3, 1381.83
1638925177, 0, 781, 1473, 1342, 126, 9.27%, 77, 74, 3, 1363.22
1638925187, 0, 793, 1473, 1341, 125, 9.27%, 77, 74, 3, 1199.26
1638925192, 0, 793, 1473, 1341, 125, 9.27%, 77, 75, 3, 1252.79
1638925197, 0, 793, 1474, 1342, 125, 9.27%, 77, 75, 3, 1317.87
1638925207, 0, 807, 1475, 1342, 124, 9.27%, 77, 75, 3, 1432.21
1638925212, 0, 819, 1475, 1341, 123, 9.27%, 77, 75, 3, 1420.95
1638925228, 0, 824, 1475, 1340, 122, 9.27%, 77, 75, 3, 1160.60
1638925233, 0, 824, 1475, 1340, 122, 9.27%, 77, 76, 3, 1127.65
1638925243, 0, 824, 1477, 1342, 122, 9.27%, 77, 76, 3, 1255.54
1638925248, 0, 824, 1478, 1343, 122, 9.27%, 77, 76, 3, 1300.61
1638925253, 0, 824, 1479, 1344, 122, 9.27%, 77, 76, 3, 1285.87
1638925268, 0, 824, 1480, 1345, 122, 9.27%, 77, 76, 3, 1295.62
1638925273, 0, 824, 1481, 1346, 122, 9.27%, 77, 76, 3, 1298.83
1638925288, 0, 824, 1482, 1347, 122, 9.27%, 77, 76, 3, 1289.20
1638925298, 0, 824, 1483, 1348, 122, 9.27%, 77, 76, 3, 1237.60
1638925313, 0, 824, 1484, 1349, 122, 9.27%, 77, 76, 3, 1299.37
1638925334, 0, 824, 1484, 1349, 122, 9.27%, 77, 77, 3, 1300.44
1638925339, 0, 827, 1484, 1348, 122, 9.27%, 77, 77, 3, 1129.37
1638925359, 0, 827, 1485, 1349, 122, 9.27%, 77, 77, 3, 1136.69
1638925369, 0, 829, 1485, 1348, 122, 9.27%, 77, 77, 3, 1117.56
1638925374, 0, 829, 1485, 1348, 122, 9.27%, 77, 78, 3, 1030.36
1638925389, 0, 833, 1485, 1347, 122, 9.27%, 77, 78, 3, 1526.87
1638925394, 0, 833, 1486, 1348, 122, 9.27%, 77, 78, 3, 1643.62
1638925399, 0, 843, 1486, 1347, 121, 9.27%, 77, 78, 3, 1719.43
1638925405, 0, 848, 1486, 1346, 120, 9.27%, 78, 78, 3, 1678.11
1638925415, 0, 888, 1486, 1344, 118, 9.27%, 78, 78, 3, 1701.35
1638925420, 0, 893, 1486, 1343, 117, 9.27%, 78, 78, 3, 1717.62
1638925425, 0, 897, 1486, 1342, 116, 9.27%, 78, 78, 3, 1567.73
1638925430, 0, 900, 1486, 1341, 115, 9.27%, 78, 78, 3, 1604.15
1638925435, 0, 901, 1486, 1340, 114, 9.27%, 78, 78, 3, 1645.23
1638925440, 0, 918, 1486, 1339, 113, 9.27%, 78, 78, 3, 1545.99
1638925460, 0, 935, 1486, 1338, 112, 9.27%, 78, 78, 3, 1546.60
1638925481, 0, 936, 1486, 1337, 111, 9.27%, 78, 78, 3, 1446.63
1638925501, 0, 942, 1486, 1336, 110, 9.27%, 78, 78, 3, 1603.87
1638925506, 0, 951, 1487, 1336, 110, 9.27%, 78, 78, 3, 1659.53
1638925511, 0, 951, 1488, 1337, 110, 9.27%, 78, 78, 3, 1624.76
1638925521, 0, 951, 1489, 1338, 110, 9.27%, 78, 78, 3, 1642.07
1638925526, 0, 961, 1489, 1337, 110, 9.27%, 78, 79, 3, 1634.16
1638925531, 0, 961, 1490, 1338, 110, 9.27%, 78, 79, 3, 1656.90
1638925537, 0, 965, 1490, 1337, 109, 9.27%, 78, 79, 3, 1637.85
1638925552, 0, 969, 1490, 1336, 108, 9.27%, 78, 79, 3, 1637.24
1638925562, 0, 973, 1490, 1335, 107, 9.27%, 78, 79, 3, 1598.91
1638925567, 0, 975, 1490, 1334, 106, 9.27%, 78, 79, 3, 1598.94
1638925572, 0, 975, 1491, 1335, 106, 9.27%, 78, 79, 3, 1646.74
1638925577, 0, 982, 1491, 1334, 105, 9.27%, 78, 79, 3, 1674.98
1638925582, 0, 985, 1491, 1333, 104, 9.27%, 78, 79, 3, 1742.75
1638925587, 0, 1013, 1491, 1332, 103, 9.27%, 78, 79, 3, 1732.03
1638925592, 0, 1033, 1491, 1331, 102, 9.27%, 78, 79, 3, 1693.93
1638925607, 0, 1037, 1491, 1330, 101, 9.27%, 78, 79, 3, 1468.91
1638925617, 0, 1037, 1491, 1330, 101, 9.27%, 78, 81, 3, 1112.79
1638925648, 0, 1052, 1491, 1329, 100, 9.27%, 78, 81, 3, 1390.86
1638925668, 0, 1052, 1492, 1330, 100, 9.27%, 78, 81, 3, 1478.62
1638925678, 0, 1052, 1495, 1333, 100, 9.28%, 78, 81, 3, 1468.74
1638925683, 0, 1052, 1499, 1337, 100, 9.28%, 79, 81, 3, 1464.83
1638925688, 0, 1052, 1499, 1337, 100, 9.28%, 80, 81, 3, 1366.09
1638925704, 0, 1052, 1500, 1338, 100, 9.28%, 80, 81, 3, 1455.85
1638925709, 0, 1052, 1500, 1338, 100, 9.28%, 81, 81, 3, 1462.31
1638925714, 0, 1052, 1500, 1338, 100, 9.28%, 82, 81, 3, 1481.39
1638925754, 0, 1052, 1500, 1338, 100, 9.28%, 83, 81, 3, 1358.47
1638925785, 0, 1065, 1500, 1337, 100, 9.28%, 83, 81, 3, 1466.18
1638925800, 0, 1065, 1501, 1338, 100, 9.28%, 83, 81, 3, 1549.56
1638925805, 0, 1076, 1501, 1337, 99, 9.28%, 84, 81, 3, 1491.49
1638925810, 0, 1077, 1501, 1336, 98, 9.28%, 84, 81, 3, 1474.03
1638925825, 0, 1077, 1504, 1339, 98, 9.28%, 84, 81, 3, 1347.53
1638925830, 0, 1077, 1505, 1340, 98, 9.28%, 84, 81, 3, 1396.96
1638925835, 0, 1077, 1506, 1341, 98, 9.28%, 86, 81, 3, 1406.49
1638925846, 0, 1077, 1507, 1342, 98, 9.28%, 86, 81, 3, 1424.46
1638925856, 0, 1077, 1507, 1342, 98, 9.28%, 86, 82, 3, 1364.65
1638925881, 0, 1077, 1508, 1343, 98, 9.28%, 86, 82, 3, 1400.05
1638925896, 0, 1077, 1509, 1344, 98, 9.28%, 86, 82, 3, 1376.59
1638925901, 0, 1077, 1509, 1344, 98, 9.28%, 87, 82, 3, 1371.06
1638925917, 0, 1077, 1509, 1344, 98, 9.28%, 88, 82, 3, 1393.19
1638925942, 0, 1078, 1509, 1343, 96, 9.28%, 89, 82, 3, 1252.59
1638925957, 0, 1086, 1509, 1342, 95, 9.28%, 89, 82, 3, 1045.78
1638925993, 0, 1086, 1510, 1343, 95, 9.28%, 89, 83, 3, 1274.62
1638925998, 0, 1086, 1511, 1344, 95, 9.28%, 89, 83, 3, 1281.98
1638926013, 0, 1091, 1511, 1343, 96, 9.28%, 89, 83, 3, 1404.31
1638926023, 0, 1097, 1511, 1342, 95, 9.28%, 91, 83, 3, 1381.38
1638926038, 0, 1107, 1511, 1341, 94, 9.28%, 92, 83, 3, 1387.68
1638926079, 0, 1139, 1511, 1340, 93, 9.28%, 92, 83, 3, 1476.82
1638926089, 0, 1147, 1511, 1339, 92, 9.28%, 92, 83, 3, 1027.90
1638926171, 0, 1152, 1511, 1338, 92, 9.28%, 92, 83, 3, 984.10
1638926186, 0, 1152, 1513, 1340, 92, 9.28%, 92, 83, 3, 782.96
1638926201, 0, 1152, 1515, 1342, 92, 9.28%, 92, 83, 3, 796.59
1638926206, 0, 1152, 1517, 1344, 92, 9.28%, 92, 83, 3, 816.46
1638926216, 0, 1152, 1517, 1344, 92, 9.28%, 92, 84, 3, 665.14
1638926292, 0, 1160, 1517, 1343, 93, 9.28%, 92, 84, 3, 1227.95
1638926338, 0, 1163, 1517, 1342, 92, 9.28%, 92, 84, 3, 1237.13
1638926353, 0, 1163, 1517, 1342, 92, 9.28%, 93, 84, 3, 1158.16
1638926399, 0, 1165, 1517, 1341, 91, 9.28%, 93, 84, 3, 1228.05
1638926414, 0, 1165, 1517, 1341, 91, 9.28%, 94, 84, 3, 971.80
1638926480, 0, 1166, 1517, 1340, 90, 9.28%, 94, 84, 3, 1189.29
1638926485, 0, 1166, 1518, 1341, 90, 9.28%, 94, 84, 3, 1352.47
1638926490, 0, 1171, 1518, 1340, 89, 9.28%, 94, 84, 3, 950.94
1638926506, 0, 1171, 1518, 1340, 89, 9.28%, 95, 84, 3, 814.91
1638926516, 0, 1172, 1518, 1339, 88, 9.28%, 95, 84, 3, 926.80
1638926567, 0, 1183, 1518, 1337, 86, 9.28%, 95, 84, 3, 1154.97
1638926572, 0, 1183, 1519, 1338, 86, 9.28%, 95, 84, 3, 1002.46
1638926663, 0, 1183, 1520, 1339, 86, 9.28%, 95, 84, 3, 1203.17
1638926668, 0, 1196, 1520, 1338, 86, 9.28%, 95, 84, 3, 1274.55
1638926678, 0, 1197, 1520, 1337, 85, 9.28%, 95, 84, 3, 1255.53
1638926683, 0, 1200, 1520, 1336, 84, 9.28%, 95, 84, 3, 1312.60
1638926693, 0, 1207, 1520, 1335, 83, 9.28%, 95, 84, 3, 1349.72
1638926698, 0, 1207, 1521, 1336, 83, 9.28%, 95, 84, 3, 1387.84
1638926703, 0, 1208, 1521, 1335, 83, 9.28%, 95, 84, 3, 1329.02
1638926713, 0, 1208, 1524, 1338, 83, 9.29%, 95, 84, 3, 1346.38
1638926718, 0, 1208, 1527, 1341, 83, 9.29%, 95, 84, 3, 1345.72
1638926723, 0, 1208, 1528, 1342, 83, 9.29%, 95, 84, 3, 1369.78
1638926728, 0, 1208, 1530, 1344, 83, 9.29%, 95, 84, 3, 1356.34
1638926733, 0, 1208, 1531, 1345, 83, 9.29%, 95, 84, 3, 1350.77
1638926738, 0, 1208, 1532, 1346, 83, 9.29%, 95, 84, 3, 1362.73
1638926764, 0, 1208, 1533, 1347, 83, 9.29%, 95, 84, 3, 1361.27
1638926779, 0, 1208, 1534, 1348, 83, 9.29%, 95, 84, 3, 1376.40
1638926809, 0, 1208, 1535, 1349, 83, 9.29%, 95, 84, 3, 1280.27
1638926825, 0, 1208, 1535, 1349, 83, 9.29%, 95, 85, 3, 1469.90
1638926830, 0, 1213, 1535, 1348, 84, 9.29%, 95, 86, 3, 1550.79
1638926835, 0, 1213, 1535, 1348, 84, 9.29%, 95, 89, 3, 1591.08
1638926840, 0, 1214, 1535, 1347, 83, 9.29%, 96, 89, 3, 1578.35
1638926850, 0, 1222, 1536, 1347, 82, 9.29%, 96, 89, 3, 1537.08
1638926860, 0, 1222, 1537, 1348, 82, 9.29%, 96, 89, 3, 1541.67
1638926865, 0, 1226, 1537, 1347, 82, 9.29%, 96, 90, 3, 1576.85
1638926870, 0, 1226, 1537, 1347, 82, 9.29%, 96, 91, 3, 1608.27
1638926875, 0, 1234, 1537, 1346, 81, 9.29%, 96, 91, 3, 1579.51
1638926880, 0, 1236, 1537, 1344, 79, 9.29%, 96, 91, 3, 1705.45
1638926886, 0, 1247, 1537, 1342, 77, 9.29%, 96, 91, 3, 1818.83
1638926891, 0, 1247, 1539, 1344, 77, 9.29%, 96, 91, 3, 1880.11
1638926896, 0, 1247, 1541, 1346, 77, 9.29%, 96, 91, 3, 1782.32
1638926916, 0, 1256, 1541, 1344, 75, 9.29%, 96, 91, 3, 1814.29
1638926921, 0, 1256, 1545, 1348, 75, 9.29%, 96, 91, 3, 1750.12
1638926926, 0, 1256, 1547, 1350, 75, 9.30%, 96, 91, 3, 1738.32
1638926931, 0, 1256, 1548, 1351, 75, 9.30%, 96, 91, 3, 1736.97
1638926952, 0, 1256, 1549, 1352, 75, 9.30%, 96, 91, 3, 1714.04
1638926967, 0, 1256, 1550, 1353, 75, 9.30%, 96, 91, 3, 1750.83
1638926977, 0, 1256, 1551, 1354, 75, 9.30%, 96, 91, 3, 1721.89
1638926987, 0, 1256, 1552, 1355, 75, 9.30%, 96, 91, 3, 1737.29
1638927013, 0, 1258, 1552, 1354, 76, 9.30%, 96, 91, 3, 1727.89
1638927018, 0, 1259, 1554, 1355, 75, 9.30%, 96, 91, 3, 1802.80
1638927023, 0, 1259, 1555, 1356, 75, 9.31%, 96, 91, 3, 1752.30
1638927028, 0, 1259, 1556, 1357, 75, 9.31%, 96, 91, 3, 1745.31
1638927053, 0, 1261, 1556, 1356, 75, 9.31%, 96, 91, 3, 1713.45
1638927064, 0, 1262, 1556, 1355, 74, 9.31%, 96, 91, 3, 1308.87
1638927074, 0, 1262, 1560, 1359, 74, 9.31%, 96, 91, 3, 1262.45
1638927084, 0, 1262, 1561, 1360, 74, 9.31%, 96, 91, 3, 1282.21
1638927109, 0, 1262, 1562, 1361, 74, 9.31%, 96, 91, 3, 1396.27
1638927114, 0, 1262, 1563, 1362, 74, 9.31%, 96, 91, 3, 1398.04
1638927130, 0, 1262, 1563, 1362, 74, 9.31%, 97, 91, 3, 1402.31
1638927185, 0, 1264, 1563, 1361, 74, 9.31%, 97, 91, 3, 1365.32
1638927201, 0, 1265, 1563, 1360, 73, 9.31%, 97, 91, 3, 1374.58
1638927206, 0, 1273, 1563, 1359, 72, 9.31%, 97, 91, 3, 1288.02
1638927221, 0, 1275, 1563, 1358, 72, 9.31%, 97, 91, 3, 1290.60
1638927232, 0, 1275, 1564, 1359, 72, 9.31%, 97, 91, 3, 1101.10
1638927237, 0, 1275, 1565, 1360, 72, 9.31%, 97, 91, 3, 1286.78
1638927242, 0, 1275, 1566, 1361, 72, 9.31%, 97, 91, 3, 1348.32
1638927247, 0, 1275, 1567, 1362, 72, 9.31%, 97, 91, 3, 1387.68
1638927282, 0, 1275, 1568, 1363, 72, 9.31%, 97, 91, 3, 1359.17
1638927312, 0, 1275, 1569, 1364, 72, 9.31%, 97, 91, 3, 1368.86
1638927318, 0, 1275, 1570, 1365, 72, 9.31%, 97, 91, 3, 1365.11
1638927348, 0, 1277, 1570, 1364, 71, 9.31%, 97, 91, 3, 1386.38
1638927353, 0, 1277, 1573, 1367, 71, 9.31%, 97, 91, 3, 1535.22
1638927358, 0, 1277, 1574, 1368, 71, 9.31%, 97, 91, 3, 1511.08
1638927379, 0, 1278, 1574, 1367, 71, 9.31%, 97, 91, 3, 1459.75
1638927394, 0, 1281, 1574, 1366, 70, 9.31%, 97, 91, 3, 1290.34
1638927409, 0, 1295, 1574, 1365, 69, 9.31%, 97, 91, 3, 1299.50
1638927414, 0, 1295, 1575, 1366, 69, 9.31%, 98, 91, 3, 1349.95
1638927419, 0, 1298, 1575, 1365, 68, 9.31%, 98, 91, 3, 1359.16
1638927425, 0, 1299, 1575, 1364, 67, 9.31%, 98, 91, 3, 1392.13
1638927430, 0, 1311, 1575, 1363, 66, 9.31%, 98, 91, 3, 1397.99
1638927435, 0, 1313, 1575, 1362, 65, 9.31%, 98, 91, 3, 1388.14
1638927445, 0, 1313, 1576, 1363, 65, 9.31%, 98, 91, 3, 1397.25
1638927450, 0, 1329, 1576, 1362, 65, 9.31%, 98, 91, 3, 1262.42
1638927465, 0, 1329, 1577, 1363, 65, 9.31%, 98, 91, 3, 1318.82
1638927470, 0, 1330, 1577, 1362, 64, 9.31%, 98, 91, 3, 1185.46
1638927475, 0, 1330, 1579, 1364, 64, 9.31%, 98, 91, 3, 1167.61
1638927496, 0, 1337, 1580, 1364, 64, 9.31%, 98, 91, 3, 1345.56
1638927506, 0, 1337, 1581, 1365, 64, 9.31%, 98, 91, 3, 1362.95
1638927511, 0, 1340, 1581, 1364, 66, 9.31%, 98, 91, 3, 1366.90
1638927521, 0, 1342, 1581, 1363, 65, 9.31%, 98, 91, 3, 1384.64
1638927536, 0, 1342, 1586, 1368, 65, 9.31%, 98, 91, 3, 1246.35
1638927541, 0, 1342, 1589, 1371, 65, 9.31%, 98, 91, 3, 1334.54
1638927546, 0, 1342, 1591, 1373, 65, 9.31%, 98, 91, 3, 1376.59
1638927551, 0, 1342, 1592, 1374, 65, 9.31%, 98, 91, 3, 1342.29
1638927556, 0, 1342, 1594, 1376, 65, 9.31%, 98, 91, 3, 1230.56
1638927592, 0, 1342, 1595, 1377, 65, 9.31%, 98, 91, 3, 1517.60
1638927632, 0, 1342, 1596, 1378, 65, 9.31%, 98, 91, 3, 1620.09
1638927642, 0, 1348, 1596, 1377, 64, 9.31%, 98, 91, 3, 1631.05
1638927647, 0, 1354, 1596, 1376, 63, 9.31%, 98, 92, 3, 1617.78
1638927658, 0, 1357, 1596, 1374, 61, 9.31%, 98, 92, 3, 1609.69
1638927663, 0, 1357, 1597, 1375, 61, 9.31%, 98, 92, 3, 1532.45
1638927668, 0, 1357, 1598, 1376, 61, 9.31%, 98, 92, 3, 1430.13
1638927673, 0, 1360, 1598, 1375, 60, 9.31%, 98, 92, 3, 1416.57
1638927678, 0, 1360, 1599, 1376, 60, 9.31%, 98, 92, 3, 1592.97
1638927683, 0, 1361, 1599, 1375, 59, 9.31%, 98, 92, 3, 1601.70
1638927688, 0, 1361, 1600, 1376, 59, 9.31%, 98, 92, 3, 1623.55
1638927693, 0, 1365, 1602, 1377, 58, 9.31%, 98, 92, 3, 1609.05
1638927703, 0, 1365, 1606, 1381, 58, 9.31%, 99, 92, 3, 1489.68
1638927708, 0, 1365, 1607, 1382, 58, 9.31%, 99, 92, 3, 1529.09
1638927713, 0, 1365, 1608, 1383, 58, 9.31%, 100, 92, 3, 1523.22
1638927718, 0, 1365, 1608, 1383, 58, 9.31%, 101, 92, 3, 1501.84
1638927728, 0, 1365, 1608, 1383, 58, 9.31%, 101, 93, 3, 1502.19
1638927739, 0, 1365, 1608, 1383, 58, 9.31%, 102, 93, 3, 1463.14
1638927744, 0, 1365, 1609, 1384, 58, 9.31%, 102, 94, 3, 1477.21
1638927749, 0, 1365, 1609, 1384, 58, 9.31%, 102, 95, 3, 1531.82
1638927754, 0, 1365, 1610, 1385, 58, 9.31%, 102, 95, 3, 1521.45
1638927774, 0, 1365, 1611, 1386, 58, 9.31%, 102, 95, 3, 1513.39
1638927789, 0, 1365, 1612, 1387, 58, 9.31%, 102, 95, 3, 1513.83
1638927795, 0, 1365, 1613, 1388, 58, 9.31%, 102, 95, 3, 1537.17
1638927805, 0, 1365, 1613, 1388, 58, 9.31%, 102, 96, 3, 1476.31
1638927810, 0, 1370, 1613, 1387, 59, 9.31%, 102, 97, 3, 191.15
1638927841, 0, 1370, 1613, 1387, 59, 9.31%, 102, 98, 3, 329.72
1638927846, 0, 1370, 1613, 1387, 59, 9.31%, 102, 101, 3, 278.98
1638927851, 0, 1370, 1613, 1387, 59, 9.31%, 102, 104, 3, 267.18
1638927861, 0, 1372, 1613, 1386, 58, 9.31%, 102, 104, 3, 767.99
1638927872, 0, 1372, 1614, 1387, 58, 9.31%, 102, 104, 3, 1322.40
1638927877, 0, 1373, 1614, 1386, 57, 9.31%, 102, 104, 3, 1366.53
1638927887, 0, 1376, 1614, 1385, 56, 9.31%, 102, 104, 3, 1372.73
1638927897, 0, 1380, 1614, 1384, 54, 9.31%, 102, 104, 3, 1223.03
1638927902, 0, 1380, 1614, 1384, 54, 9.31%, 102, 105, 3, 1203.38
1638927907, 0, 1380, 1617, 1387, 54, 9.31%, 103, 105, 3, 1277.61
1638927912, 0, 1380, 1618, 1388, 54, 9.31%, 103, 106, 3, 1299.59
1638927917, 0, 1380, 1619, 1389, 54, 9.31%, 103, 106, 3, 1278.54
1638927923, 0, 1380, 1620, 1390, 54, 9.31%, 103, 106, 3, 1312.44
1638927928, 0, 1380, 1621, 1391, 54, 9.31%, 103, 106, 3, 1308.86
1638927933, 0, 1380, 1623, 1393, 54, 9.31%, 103, 106, 3, 1216.95
1638927963, 0, 1380, 1624, 1394, 54, 9.31%, 103, 106, 3, 1285.51
1638927983, 0, 1380, 1625, 1395, 54, 9.31%, 103, 106, 3, 1286.04
1638927994, 0, 1380, 1626, 1396, 54, 9.31%, 103, 106, 3, 1285.20
1638927999, 0, 1381, 1626, 1395, 53, 9.31%, 103, 106, 3, 1245.21
1638928009, 0, 1390, 1628, 1396, 52, 9.32%, 103, 106, 3, 1376.58
1638928014, 0, 1393, 1628, 1395, 52, 9.32%, 103, 106, 3, 1439.73
1638928019, 0, 1395, 1628, 1394, 51, 9.32%, 103, 106, 3, 1421.03
1638928029, 0, 1395, 1629, 1395, 51, 9.32%, 103, 106, 3, 1370.75
1638928034, 0, 1396, 1629, 1394, 50, 9.32%, 103, 106, 3, 1240.79
1638928045, 0, 1396, 1631, 1396, 50, 9.32%, 103, 106, 3, 1310.46
1638928065, 0, 1405, 1631, 1395, 49, 9.32%, 103, 106, 3, 1236.27
1638928075, 0, 1414, 1631, 1394, 48, 9.32%, 103, 106, 3, 1357.00
1638928085, 0, 1428, 1631, 1393, 47, 9.32%, 103, 106, 3, 1408.62
1638928101, 0, 1428, 1632, 1394, 47, 9.32%, 103, 106, 4, 1471.53
1638928106, 0, 1429, 1634, 1395, 46, 9.32%, 103, 106, 4, 1406.97
1638928111, 0, 1429, 1635, 1396, 46, 9.32%, 103, 106, 4, 1369.62
1638928116, 0, 1432, 1635, 1395, 45, 9.32%, 103, 106, 4, 1423.53
1638928126, 0, 1436, 1636, 1395, 44, 9.32%, 103, 106, 4, 1215.51
1638928156, 0, 1437, 1636, 1394, 43, 9.32%, 103, 106, 4, 1214.63
1638928166, 0, 1437, 1638, 1396, 43, 9.32%, 103, 106, 4, 1320.22
1638928186, 0, 1437, 1639, 1397, 43, 9.32%, 103, 106, 4, 1357.60
1638928191, 0, 1437, 1640, 1398, 43, 9.32%, 103, 106, 4, 1322.57
1638928202, 0, 1437, 1641, 1399, 43, 9.32%, 103, 106, 4, 1095.11
1638928212, 0, 1437, 1642, 1400, 43, 9.32%, 103, 106, 4, 1203.07
1638928227, 0, 1437, 1644, 1402, 43, 9.32%, 104, 106, 4, 1562.36
1638928232, 0, 1437, 1646, 1404, 43, 9.32%, 104, 107, 4, 1577.39
1638928237, 0, 1437, 1647, 1405, 43, 9.32%, 104, 107, 4, 1589.29
1638928252, 0, 1440, 1647, 1404, 47, 9.32%, 104, 107, 4, 1590.58
1638928257, 0, 1441, 1647, 1403, 46, 9.32%, 104, 107, 4, 1554.67
1638928263, 0, 1441, 1648, 1404, 46, 9.32%, 104, 108, 4, 1296.12
1638928273, 0, 1441, 1651, 1407, 46, 9.32%, 104, 108, 4, 1526.19
1638928278, 0, 1441, 1653, 1409, 46, 9.32%, 104, 108, 4, 1549.61
1638928293, 0, 1441, 1653, 1409, 46, 9.32%, 104, 109, 4, 1570.22
1638928298, 0, 1441, 1655, 1411, 46, 9.32%, 104, 109, 4, 1571.56
1638928303, 0, 1441, 1656, 1412, 46, 9.32%, 104, 109, 4, 1577.68
1638928308, 0, 1441, 1657, 1413, 46, 9.32%, 104, 109, 4, 1551.65
1638928313, 0, 1441, 1658, 1414, 46, 9.32%, 104, 109, 4, 1530.37
1638928323, 0, 1441, 1659, 1415, 46, 9.32%, 104, 109, 4, 1547.55
1638928348, 0, 1442, 1659, 1414, 45, 9.32%, 104, 109, 4, 1505.37
1638928359, 0, 1442, 1661, 1416, 45, 9.32%, 104, 109, 4, 1523.54
1638928364, 0, 1442, 1662, 1417, 45, 9.32%, 104, 109, 4, 1567.94
1638928384, 0, 1445, 1662, 1416, 44, 9.32%, 104, 109, 4, 1511.10
1638928399, 0, 1451, 1662, 1415, 43, 9.32%, 104, 109, 4, 1533.47
1638928409, 0, 1468, 1662, 1414, 42, 9.32%, 104, 109, 4, 1595.91
1638928424, 0, 1473, 1663, 1414, 41, 9.32%, 104, 109, 4, 1457.00
1638928429, 0, 1473, 1664, 1415, 41, 9.32%, 104, 109, 4, 1517.47
1638928434, 0, 1475, 1664, 1414, 41, 9.32%, 104, 109, 4, 1547.80
1638928450, 0, 1486, 1664, 1413, 41, 9.32%, 104, 109, 4, 1506.59
1638928455, 0, 1486, 1665, 1414, 41, 9.32%, 104, 109, 4, 1613.22
1638928460, 0, 1486, 1665, 1414, 41, 9.32%, 104, 110, 4, 1318.68
1638928465, 0, 1487, 1665, 1413, 40, 9.32%, 104, 110, 4, 1319.13
1638928480, 0, 1491, 1665, 1412, 39, 9.32%, 104, 110, 4, 1411.81
1638928511, 0, 1492, 1665, 1411, 38, 9.32%, 104, 110, 4, 1443.05
1638928526, 0, 1492, 1665, 1411, 38, 9.32%, 104, 111, 4, 1330.63
1638928546, 0, 1493, 1665, 1410, 37, 9.32%, 104, 111, 4, 1188.73
1638928582, 0, 1495, 1665, 1409, 36, 9.32%, 104, 111, 4, 1617.96
1638928623, 0, 1504, 1665, 1408, 35, 9.32%, 105, 111, 4, 1525.81
1638928633, 0, 1504, 1666, 1409, 35, 9.32%, 105, 111, 4, 1567.11
1638928643, 0, 1509, 1667, 1409, 34, 9.32%, 105, 111, 4, 1403.26
1638928653, 0, 1509, 1667, 1409, 34, 9.32%, 105, 112, 4, 1295.00
1638928668, 0, 1509, 1668, 1410, 34, 9.32%, 105, 112, 4, 1438.39
1638928673, 0, 1509, 1670, 1412, 34, 9.32%, 105, 112, 4, 1514.28
1638928689, 0, 1509, 1671, 1413, 34, 9.32%, 105, 112, 4, 1303.59
1638928724, 0, 1509, 1671, 1413, 34, 9.32%, 106, 112, 4, 1374.55
1638928734, 0, 1509, 1671, 1413, 34, 9.32%, 106, 113, 4, 1125.41
1638928740, 0, 1509, 1671, 1413, 34, 9.32%, 107, 113, 4, 912.78
1638928760, 0, 1509, 1672, 1414, 34, 9.32%, 107, 113, 4, 1084.14
1638928765, 0, 1518, 1672, 1413, 34, 9.32%, 107, 113, 4, 1076.10
1638928811, 0, 1518, 1675, 1416, 34, 9.32%, 107, 113, 4, 879.68
1638928852, 0, 1524, 1675, 1415, 33, 9.32%, 107, 114, 4, 1293.33
1638928857, 0, 1524, 1677, 1417, 33, 9.32%, 107, 114, 4, 1404.85
1638928862, 0, 1524, 1681, 1421, 33, 9.32%, 107, 114, 4, 1417.60
1638928867, 0, 1524, 1682, 1422, 33, 9.32%, 107, 114, 4, 1486.19
1638928872, 0, 1524, 1683, 1423, 33, 9.32%, 107, 114, 4, 1530.45
1638928882, 0, 1524, 1685, 1425, 33, 9.32%, 107, 114, 4, 1605.20
1638928892, 0, 1524, 1688, 1428, 33, 9.32%, 107, 114, 4, 1579.11
1638928903, 0, 1524, 1689, 1429, 33, 9.32%, 107, 114, 4, 1591.39
1638928933, 0, 1524, 1690, 1430, 33, 9.32%, 107, 114, 4, 1603.76
1638928943, 0, 1524, 1691, 1431, 33, 9.32%, 107, 114, 4, 1592.32
1638928948, 0, 1524, 1692, 1432, 33, 9.32%, 107, 114, 4, 1623.05
1638928953, 0, 1524, 1693, 1433, 33, 9.32%, 107, 114, 4, 1624.62
1638928958, 0, 1527, 1693, 1432, 32, 9.32%, 107, 114, 4, 1608.39
1638928964, 0, 1527, 1693, 1432, 32, 9.32%, 107, 115, 4, 1476.47
1638928974, 0, 1527, 1695, 1434, 32, 9.32%, 107, 115, 4, 1521.09
1638928984, 0, 1535, 1695, 1433, 31, 9.32%, 107, 115, 4, 1134.76
1638928994, 0, 1535, 1696, 1434, 31, 9.32%, 107, 115, 4, 1417.07
1638928999, 0, 1541, 1697, 1434, 30, 9.32%, 107, 115, 4, 1603.97
1638929009, 0, 1545, 1698, 1434, 30, 9.32%, 107, 115, 4, 1574.09
1638929014, 0, 1545, 1699, 1435, 30, 9.32%, 107, 115, 4, 1566.51
1638929019, 0, 1555, 1700, 1435, 29, 9.32%, 107, 115, 4, 1666.84
1638929024, 0, 1559, 1700, 1434, 28, 9.32%, 107, 115, 4, 1425.50
1638929040, 0, 1575, 1700, 1433, 27, 9.32%, 107, 115, 4, 1340.92
1638929050, 0, 1579, 1700, 1432, 26, 9.32%, 107, 115, 4, 1381.15
1638929065, 0, 1587, 1700, 1431, 25, 9.32%, 107, 115, 4, 1382.11
1638929080, 0, 1587, 1701, 1432, 25, 9.32%, 107, 115, 4, 1501.90
1638929085, 0, 1592, 1702, 1432, 25, 9.32%, 107, 115, 4, 1351.92
1638929095, 0, 1592, 1703, 1433, 25, 9.32%, 107, 115, 4, 1392.63
1638929100, 0, 1596, 1703, 1432, 24, 9.32%, 107, 115, 4, 1375.13
1638929110, 0, 1596, 1704, 1433, 24, 9.32%, 107, 115, 4, 1363.98
1638929115, 0, 1609, 1704, 1432, 23, 9.32%, 107, 115, 4, 1360.73
1638929125, 0, 1609, 1709, 1437, 23, 9.32%, 107, 115, 4, 1389.04
1638929130, 0, 1609, 1710, 1438, 23, 9.32%, 107, 115, 4, 1360.63
1638929146, 0, 1609, 1711, 1439, 23, 9.32%, 107, 115, 4, 1350.20
1638929151, 0, 1609, 1712, 1440, 23, 9.32%, 108, 115, 4, 1311.50
1638929176, 0, 1609, 1714, 1442, 23, 9.32%, 108, 115, 4, 1329.30
1638929186, 0, 1609, 1715, 1443, 23, 9.32%, 108, 115, 4, 1255.36
1638929191, 0, 1609, 1716, 1444, 23, 9.32%, 109, 115, 4, 1379.61
1638929206, 0, 1609, 1716, 1444, 23, 9.32%, 109, 116, 4, 1368.85
1638929212, 0, 1611, 1718, 1445, 24, 9.32%, 109, 116, 4, 1380.08
1638929222, 0, 1611, 1721, 1448, 24, 9.32%, 109, 116, 4, 1499.16
1638929227, 0, 1611, 1722, 1449, 24, 9.32%, 109, 116, 4, 1481.04
1638929232, 0, 1611, 1723, 1450, 24, 9.32%, 109, 116, 4, 1419.35
1638929247, 0, 1611, 1726, 1453, 24, 9.32%, 109, 116, 4, 1484.04
1638929257, 0, 1611, 1727, 1454, 24, 9.32%, 109, 116, 4, 1415.65
1638929278, 0, 1611, 1728, 1455, 24, 9.32%, 109, 116, 4, 1468.71
1638929288, 0, 1611, 1728, 1455, 24, 9.32%, 109, 117, 4, 1503.93
1638929328, 0, 1634, 1729, 1455, 24, 9.32%, 109, 117, 5, 1541.58
1638929333, 0, 1634, 1733, 1459, 24, 9.32%, 109, 117, 5, 1531.05
1638929338, 0, 1634, 1734, 1460, 24, 9.32%, 109, 117, 5, 1411.01
1638929439, 0, 1641, 1734, 1459, 24, 9.32%, 109, 117, 5, 1483.08
1638929450, 0, 1641, 1737, 1462, 24, 9.32%, 109, 117, 5, 1353.06
1638929455, 0, 1641, 1740, 1465, 24, 9.32%, 109, 117, 5, 1486.06
1638929490, 0, 1641, 1740, 1465, 24, 9.32%, 110, 117, 5, 1387.39
1638929516, 0, 1641, 1741, 1466, 24, 9.32%, 110, 117, 5, 1235.95
1638929531, 0, 1642, 1741, 1465, 26, 9.32%, 110, 117, 5, 1452.99
1638929536, 0, 1642, 1741, 1465, 26, 9.32%, 110, 118, 5, 1367.50
1638929541, 0, 1642, 1742, 1466, 26, 9.32%, 110, 118, 5, 1427.20
1638929546, 0, 1642, 1743, 1467, 26, 9.32%, 110, 118, 5, 1289.13
1638929551, 0, 1642, 1746, 1470, 26, 9.32%, 110, 118, 5, 1430.14
1638929566, 0, 1642, 1748, 1472, 26, 9.32%, 110, 118, 5, 1370.43
1638929576, 0, 1642, 1749, 1473, 26, 9.32%, 110, 118, 5, 1249.73
1638929627, 0, 1646, 1749, 1472, 25, 9.32%, 110, 118, 5, 1449.41
1638929637, 0, 1662, 1749, 1471, 24, 9.32%, 110, 118, 5, 1431.85
1638929647, 0, 1666, 1749, 1470, 23, 9.32%, 110, 118, 5, 1260.28
1638929693, 0, 1669, 1749, 1469, 22, 9.32%, 110, 118, 5, 1079.51
1638929734, 0, 1669, 1750, 1470, 22, 9.32%, 110, 118, 5, 1348.64
1638929739, 0, 1669, 1751, 1471, 22, 9.32%, 110, 119, 5, 1407.28
1638929769, 0, 1674, 1751, 1470, 22, 9.32%, 110, 119, 5, 1216.94
1638929850, 0, 1676, 1751, 1469, 22, 9.32%, 110, 119, 5, 1495.03
1638929855, 0, 1680, 1751, 1468, 21, 9.32%, 110, 119, 5, 1554.95
1638929866, 0, 1692, 1752, 1468, 20, 9.32%, 110, 119, 5, 1532.26
1638929876, 0, 1692, 1754, 1470, 20, 9.32%, 110, 119, 5, 1239.40
1638929881, 0, 1692, 1755, 1471, 20, 9.32%, 110, 119, 5, 1525.79
1638929896, 0, 1692, 1756, 1472, 20, 9.32%, 110, 119, 5, 1622.62
1638929901, 0, 1692, 1757, 1473, 20, 9.32%, 110, 119, 5, 1643.82
1638929906, 0, 1692, 1758, 1474, 20, 9.32%, 110, 119, 5, 1584.03
1638929911, 0, 1692, 1759, 1475, 20, 9.32%, 110, 119, 5, 1506.60
1638929916, 0, 1692, 1761, 1477, 20, 9.32%, 110, 119, 5, 1625.98
1638929926, 0, 1692, 1762, 1478, 20, 9.32%, 110, 119, 5, 1652.16
1638929952, 0, 1696, 1762, 1477, 20, 9.32%, 111, 119, 5, 1531.26
1638929957, 0, 1696, 1763, 1478, 20, 9.32%, 111, 119, 5, 1554.92
1638929962, 0, 1701, 1763, 1477, 20, 9.32%, 111, 119, 5, 1561.13
1638929967, 0, 1701, 1764, 1478, 20, 9.32%, 111, 119, 5, 1417.24
1638929977, 0, 1704, 1765, 1478, 19, 9.32%, 111, 119, 5, 1472.34
1638929987, 0, 1704, 1766, 1479, 19, 9.32%, 111, 119, 5, 1556.99
1638929997, 0, 1712, 1769, 1481, 19, 9.32%, 111, 119, 5, 1455.03
1638930002, 0, 1712, 1772, 1484, 19, 9.32%, 111, 119, 5, 1583.88
1638930007, 0, 1712, 1773, 1485, 19, 9.32%, 111, 119, 5, 1608.50
1638930028, 0, 1712, 1774, 1486, 19, 9.32%, 111, 119, 5, 1619.61
1638930104, 0, 1719, 1774, 1485, 19, 9.32%, 111, 119, 5, 1478.76
1638930109, 0, 1719, 1776, 1487, 19, 9.32%, 111, 119, 5, 1350.81
1638930114, 0, 1719, 1777, 1488, 19, 9.32%, 111, 120, 5, 1380.50
1638930140, 0, 1719, 1777, 1488, 19, 9.32%, 111, 121, 5, 1235.34
1638930150, 0, 1719, 1778, 1489, 19, 9.32%, 111, 121, 5, 1600.76
1638930176, 0, 1719, 1779, 1490, 19, 9.32%, 111, 121, 5, 1478.91
1638930216, 0, 1728, 1779, 1489, 18, 9.32%, 111, 121, 5, 1566.89
1638930226, 0, 1737, 1779, 1488, 17, 9.32%, 111, 121, 5, 1440.79
1638930241, 0, 1749, 1779, 1487, 16, 9.32%, 111, 121, 5, 1297.53
1638930257, 0, 1749, 1779, 1487, 16, 9.32%, 111, 122, 5, 1301.20
1638930277, 0, 1762, 1779, 1486, 15, 9.32%, 111, 122, 5, 1503.94
1638930282, 0, 1762, 1779, 1486, 15, 9.32%, 112, 122, 5, 1569.43
1638930292, 0, 1762, 1780, 1487, 15, 9.32%, 112, 122, 6, 1650.32
1638930297, 0, 1764, 1780, 1486, 14, 9.32%, 112, 122, 6, 1572.84
1638930307, 0, 1768, 1780, 1485, 13, 9.32%, 112, 122, 6, 1452.23
1638930318, 1, 24, 1780, 1484, 12, 9.32%, 112, 122, 6, 1508.05
1638930333, 1, 24, 1781, 1485, 12, 9.32%, 112, 122, 6, 1555.27
1638930338, 1, 28, 1781, 1484, 12, 9.32%, 112, 122, 6, 1598.91
1638930343, 1, 36, 1782, 1484, 11, 9.32%, 112, 122, 6, 1540.19
1638930353, 1, 36, 1783, 1485, 11, 9.32%, 112, 122, 6, 1556.70
1638930358, 1, 40, 1783, 1484, 11, 9.32%, 112, 122, 6, 1535.06
1638930368, 1, 74, 1783, 1483, 10, 9.32%, 112, 122, 6, 1386.05
1638930373, 1, 74, 1784, 1484, 10, 9.32%, 112, 122, 6, 1217.98
1638930379, 1, 74, 1787, 1487, 10, 9.32%, 112, 122, 6, 1549.33
1638930409, 1, 74, 1788, 1488, 10, 9.32%, 112, 122, 6, 1546.60
1638930419, 1, 74, 1789, 1489, 10, 9.32%, 112, 122, 6, 1509.73
1638930424, 1, 74, 1789, 1489, 10, 9.32%, 113, 122, 6, 1562.68
1638930434, 1, 74, 1790, 1490, 10, 9.32%, 113, 122, 6, 1463.74
1638930449, 1, 99, 1790, 1489, 10, 9.32%, 113, 122, 6, 1573.63
1638930460, 1, 199, 1790, 1488, 10, 9.32%, 113, 122, 6, 1481.11
1638930475, 1, 202, 1790, 1487, 10, 9.32%, 113, 122, 6, 1466.25
1638930485, 1, 255, 1790, 1486, 9, 9.32%, 113, 122, 6, 1480.89
1638930505, 1, 266, 1790, 1485, 9, 9.32%, 113, 122, 6, 1395.99
1638930515, 1, 291, 1790, 1484, 9, 9.32%, 113, 122, 6, 1586.36
1638930520, 1, 340, 1790, 1483, 9, 9.32%, 113, 122, 6, 1655.69
1638930525, 1, 381, 1790, 1482, 9, 9.32%, 113, 122, 6, 1644.36
1638930530, 1, 420, 1790, 1480, 7, 9.32%, 113, 122, 6, 1582.29
1638930546, 1, 433, 1790, 1479, 7, 9.32%, 113, 122, 6, 1515.02
1638930561, 1, 433, 1792, 1481, 7, 9.32%, 113, 122, 6, 1542.78
1638930576, 1, 481, 1792, 1480, 7, 9.32%, 113, 122, 6, 1568.18
1638930581, 1, 493, 1792, 1479, 7, 9.32%, 113, 122, 6, 1610.29
1638930591, 1, 493, 1793, 1480, 7, 9.32%, 113, 122, 6, 1547.05
1638930596, 1, 545, 1793, 1479, 6, 9.32%, 113, 122, 6, 1480.12
1638930611, 1, 545, 1796, 1482, 6, 9.32%, 113, 122, 6, 1462.69
1638930616, 1, 545, 1800, 1486, 6, 9.32%, 113, 122, 6, 1475.42
1638930621, 1, 545, 1801, 1487, 6, 9.32%, 113, 122, 6, 1449.09
1638930627, 1, 545, 1803, 1489, 6, 9.32%, 113, 122, 6, 1503.08
1638930632, 1, 545, 1804, 1490, 6, 9.32%, 113, 122, 6, 1352.68
1638930647, 1, 545, 1805, 1491, 6, 9.32%, 113, 122, 6, 1524.65
1638930652, 1, 545, 1806, 1492, 6, 9.32%, 113, 122, 6, 1518.17
1638930657, 1, 545, 1807, 1493, 6, 9.32%, 113, 122, 6, 1503.32
1638930662, 1, 545, 1809, 1495, 6, 9.32%, 113, 122, 6, 1469.79
1638930667, 1, 545, 1810, 1496, 6, 9.32%, 113, 122, 6, 1389.54
1638930713, 1, 545, 1811, 1497, 6, 9.32%, 113, 122, 6, 1339.06
1638930718, 1, 545, 1812, 1498, 6, 9.32%, 113, 122, 6, 1339.32
1638930723, 1, 545, 1813, 1499, 6, 9.32%, 113, 122, 6, 1219.53
1638930728, 1, 550, 1813, 1498, 6, 9.32%, 113, 122, 6, 1389.57
1638930733, 1, 610, 1813, 1497, 6, 9.32%, 113, 122, 6, 1383.23
1638930738, 1, 704, 1813, 1496, 6, 9.32%, 113, 122, 6, 1454.12
1638930754, 1, 730, 1813, 1495, 6, 9.32%, 113, 122, 6, 1322.09
1638930769, 1, 730, 1814, 1496, 6, 9.32%, 113, 122, 6, 1307.90
1638930774, 1, 794, 1814, 1495, 6, 9.32%, 113, 122, 6, 1284.68
1638930799, 1, 794, 1816, 1497, 6, 9.32%, 113, 122, 6, 1281.76
1638930804, 1, 794, 1817, 1498, 6, 9.32%, 113, 122, 6, 1318.64
1638930840, 1, 794, 1818, 1499, 6, 9.33%, 113, 122, 6, 1010.31
1638930881, 1, 794, 1819, 1500, 6, 9.33%, 113, 122, 6, 1362.02
1638930891, 1, 841, 1820, 1500, 7, 9.34%, 113, 122, 6, 1438.19
1638930917, 1, 878, 1820, 1499, 7, 9.34%, 113, 122, 6, 1484.76
1638930937, 1, 878, 1824, 1503, 7, 9.34%, 113, 122, 6, 1571.65
1638930942, 1, 878, 1826, 1505, 7, 9.34%, 113, 122, 6, 1593.04
1638930947, 1, 878, 1827, 1506, 7, 9.34%, 113, 122, 6, 1571.91
1638930957, 1, 878, 1828, 1507, 7, 9.34%, 113, 122, 6, 1590.66
1638930967, 1, 878, 1829, 1508, 7, 9.34%, 113, 122, 6, 1525.88
1638930978, 1, 878, 1830, 1509, 7, 9.34%, 113, 122, 6, 1597.95
1638930983, 1, 878, 1831, 1510, 7, 9.34%, 113, 122, 6, 1595.30
1638931013, 1, 923, 1832, 1510, 7, 9.34%, 113, 122, 6, 1138.13
1638931039, 1, 923, 1833, 1511, 7, 9.34%, 113, 122, 6, 1417.93
1638931044, 1, 977, 1833, 1510, 7, 9.34%, 113, 122, 6, 1399.19
1638931059, 1, 977, 1834, 1511, 7, 9.34%, 113, 122, 6, 1315.93
1638931064, 1, 977, 1836, 1513, 7, 9.34%, 113, 122, 6, 1458.97
1638931084, 1, 977, 1837, 1514, 7, 9.34%, 113, 122, 6, 1603.94
1638931110, 1, 977, 1838, 1515, 7, 9.34%, 113, 122, 6, 1495.46
1638931125, 1, 977, 1839, 1516, 7, 9.34%, 113, 122, 6, 1524.84
1638931145, 1, 977, 1840, 1517, 7, 9.34%, 113, 122, 6, 1426.95
1638931171, 1, 1106, 1840, 1516, 8, 9.34%, 113, 122, 6, 1157.39
1638931211, 1, 1106, 1842, 1518, 8, 9.34%, 113, 123, 6, 1263.36
1638931216, 1, 1106, 1844, 1520, 8, 9.34%, 113, 123, 6, 1405.38
1638931221, 1, 1106, 1846, 1522, 8, 9.34%, 114, 123, 6, 1415.33
1638931226, 1, 1106, 1848, 1524, 8, 9.34%, 114, 123, 6, 1247.69
1638931231, 1, 1106, 1850, 1526, 8, 9.34%, 114, 123, 6, 1323.46
1638931246, 1, 1106, 1851, 1527, 8, 9.34%, 114, 123, 6, 1499.35
1638931252, 1, 1106, 1853, 1529, 8, 9.34%, 114, 123, 6, 1495.29
1638931257, 1, 1106, 1854, 1530, 8, 9.34%, 114, 123, 6, 1464.33
1638931262, 1, 1106, 1854, 1530, 8, 9.34%, 114, 124, 6, 1459.77
1638931267, 1, 1106, 1855, 1531, 8, 9.34%, 115, 124, 6, 1293.31
1638931277, 1, 1187, 1855, 1530, 8, 9.34%, 115, 124, 6, 1370.85
1638931307, 1, 1187, 1858, 1533, 8, 9.34%, 115, 124, 6, 1385.26
1638931327, 1, 1187, 1859, 1534, 8, 9.34%, 115, 124, 6, 1522.99
1638931358, 1, 1249, 1859, 1533, 8, 9.34%, 115, 124, 6, 1189.69
1638931368, 1, 1257, 1860, 1533, 8, 9.34%, 115, 124, 6, 1519.44
1638931373, 1, 1261, 1861, 1533, 7, 9.34%, 115, 124, 6, 1405.45
1638931378, 1, 1375, 1861, 1533, 7, 9.34%, 115, 124, 6, 1444.69
1638931383, 1, 1391, 1861, 1532, 6, 9.34%, 115, 124, 6, 1371.40
1638931388, 1, 1391, 1862, 1533, 6, 9.34%, 115, 124, 6, 1278.86
1638931398, 1, 1448, 1862, 1532, 5, 9.34%, 115, 124, 6, 1584.54
1638931403, 1, 1448, 1864, 1534, 5, 9.34%, 115, 124, 6, 1509.16
1638931413, 1, 1781, 1864, 1533, 5, 9.34%, 115, 124, 6, 1605.58
1638931423, 1, 1781, 1866, 1535, 5, 9.34%, 115, 124, 6, 1454.50
1638931439, 1, 1781, 1867, 1536, 5, 9.34%, 115, 124, 6, 1593.33
1638931454, 1, 1781, 1868, 1537, 5, 9.34%, 115, 124, 6, 1601.45
1638931489, 1, 1781, 1869, 1538, 5, 9.34%, 115, 124, 6, 1411.40
1638931499, 1, 1781, 1870, 1539, 5, 9.34%, 115, 124, 6, 1500.01
1638931530, 1, 1787, 1870, 1538, 4, 9.34%, 115, 124, 6, 1246.75
1638931540, 1, 1787, 1873, 1541, 4, 9.34%, 115, 124, 6, 1603.86
1638931555, 1, 1787, 1875, 1543, 4, 9.34%, 115, 124, 6, 1483.17
1638931590, 1, 1787, 1876, 1544, 4, 9.34%, 115, 124, 6, 1611.98
1638931621, 1, 1787, 1877, 1545, 4, 9.34%, 115, 124, 6, 1506.37
1638931626, 1, 1787, 1878, 1546, 4, 9.34%, 115, 124, 6, 1568.72
1638931636, 1, 1817, 1880, 1547, 3, 9.36%, 115, 124, 6, 1495.28
1638931646, 1, 1817, 1881, 1548, 3, 9.36%, 115, 124, 6, 1430.64
1638931657, 1, 1817, 1885, 1552, 3, 9.36%, 115, 124, 6, 1529.16
1638931662, 1, 1817, 1887, 1554, 3, 9.36%, 115, 124, 6, 1554.36
1638931667, 1, 1817, 1889, 1556, 3, 9.36%, 115, 124, 6, 1555.48
1638931672, 1, 1817, 1890, 1557, 3, 9.36%, 115, 124, 6, 1348.33
1638931682, 1, 1817, 1892, 1559, 3, 9.36%, 115, 124, 6, 1518.85
1638931692, 1, 1817, 1893, 1560, 3, 9.36%, 115, 124, 6, 1474.48
1638931702, 1, 1817, 1894, 1561, 3, 9.36%, 115, 124, 6, 1519.37
1638931722, 1, 1817, 1894, 1561, 3, 9.36%, 115, 125, 6, 1416.27
1638931738, 1, 1819, 1899, 1565, 4, 9.37%, 115, 125, 6, 925.42
1638931743, 1, 1819, 1900, 1566, 4, 9.37%, 115, 125, 6, 697.11
1638931788, 1, 1819, 1902, 1568, 4, 9.37%, 115, 125, 6, 929.68
1638931793, 1, 1819, 1903, 1569, 4, 9.37%, 115, 125, 6, 1196.04
1638931798, 1, 1819, 1904, 1570, 4, 9.37%, 115, 125, 6, 981.01
1638931804, 1, 1819, 1905, 1571, 4, 9.37%, 115, 125, 6, 966.03
1638931809, 1, 1819, 1906, 1572, 4, 9.37%, 115, 125, 6, 964.98
1638931849, 1, 1819, 1907, 1573, 4, 9.37%, 115, 125, 6, 1110.59
1638931865, 1, 1819, 1908, 1574, 4, 9.37%, 115, 125, 6, 980.87
1638931880, 1, 1819, 1908, 1574, 4, 9.37%, 116, 125, 6, 1263.75
1638931885, 1, 1819, 1909, 1575, 4, 9.38%, 116, 125, 6, 1071.24
1638931890, 1, 1819, 1910, 1576, 4, 9.39%, 116, 125, 6, 953.00
1638931905, 1, 1819, 1911, 1577, 4, 9.39%, 116, 125, 6, 1263.27
1638931930, 1, 1879, 1912, 1577, 7, 9.39%, 116, 125, 6, 1325.04
1638931951, 1, 1879, 1913, 1578, 7, 9.39%, 116, 125, 6, 1418.99
1638931961, 1, 1879, 1914, 1579, 7, 9.39%, 116, 125, 6, 1518.90
1638931971, 1, 1879, 1915, 1580, 7, 9.39%, 116, 125, 6, 1561.29
1638931986, 1, 1879, 1916, 1581, 7, 9.39%, 116, 125, 6, 1476.77
1638931996, 1, 1879, 1917, 1582, 7, 9.39%, 116, 125, 6, 1510.97
1638932016, 1, 1879, 1918, 1583, 7, 9.39%, 116, 125, 6, 1417.52
1638932057, 1, 1880, 1918, 1582, 6, 9.39%, 116, 125, 6, 1302.24
1638932062, 1, 1880, 1919, 1583, 6, 9.39%, 116, 125, 6, 1137.29
1638932072, 1, 1880, 1920, 1584, 6, 9.39%, 116, 125, 6, 1432.71
1638932092, 1, 1896, 1920, 1583, 6, 9.39%, 116, 125, 6, 1327.72
1638932139, 1, 1896, 1921, 1584, 6, 9.39%, 116, 125, 6, 1346.79
1638932154, 1, 1897, 1921, 1583, 5, 9.39%, 116, 125, 6, 1041.98
1638932210, 1, 1899, 1921, 1582, 4, 9.39%, 116, 125, 6, 1000.73
1638932240, 1, 1899, 1922, 1583, 4, 9.39%, 116, 125, 6, 1266.32
1638932255, 1, 1908, 1922, 1582, 3, 9.39%, 116, 125, 6, 896.99
1638932260, 1, 1908, 1923, 1583, 3, 9.39%, 116, 125, 6, 749.66
1638932306, 1, 1908, 1926, 1586, 3, 9.39%, 116, 125, 6, 1176.55
1638932311, 1, 1908, 1928, 1588, 3, 9.39%, 116, 125, 6, 1271.70
