# unix_time, cycles_done, cur_path, paths_total, pending_total, pending_favs, map_size, unique_crashes, unique_hangs, max_depth, execs_per_sec
1638967652, 0, 0, 8, 8, 4, 2.44%, 0, 0, 1, 677.97
1638967657, 0, 0, 387, 387, 4, 3.32%, 0, 0, 2, 2636.65
1638967662, 0, 0, 453, 453, 4, 3.51%, 0, 0, 2, 3031.94
1638967667, 0, 0, 496, 496, 4, 3.56%, 0, 0, 2, 3081.84
1638967673, 0, 0, 514, 514, 4, 3.58%, 0, 0, 2, 3114.29
1638967678, 0, 0, 978, 978, 4, 3.90%, 1, 0, 2, 3161.20
1638967683, 0, 0, 1267, 1267, 4, 4.04%, 1, 1, 2, 3146.47
1638967688, 0, 0, 1361, 1361, 4, 4.10%, 1, 6, 2, 2595.42
1638967693, 0, 0, 1397, 1397, 4, 4.11%, 2, 8, 2, 1710.75
1638967698, 0, 0, 1444, 1444, 4, 4.12%, 3, 11, 2, 2013.47
1638967703, 0, 0, 1494, 1494, 4, 4.13%, 4, 18, 2, 1955.62
1638967708, 0, 0, 1524, 1524, 4, 4.15%, 4, 22, 2, 1735.50
1638967713, 0, 0, 1540, 1540, 4, 4.15%, 4, 23, 2, 1520.55
1638967718, 0, 0, 1556, 1556, 4, 4.15%, 4, 25, 2, 1162.07
1638967723, 0, 0, 1576, 1576, 4, 4.19%, 4, 28, 2, 1391.45
1638967728, 0, 0, 1605, 1605, 4, 4.21%, 5, 32, 2, 2219.04
1638967734, 0, 0, 1629, 1629, 4, 4.22%, 7, 38, 2, 2658.29
1638967739, 0, 6, 1649, 1648, 171, 4.22%, 9, 38, 2, 2546.53
1638967744, 0, 7, 1649, 1647, 170, 4.22%, 9, 38, 2, 2824.22
1638967749, 0, 7, 1665, 1663, 170, 4.23%, 9, 39, 2, 2836.20
1638967754, 0, 7, 1667, 1665, 170, 4.23%, 9, 39, 2, 2592.87
1638967759, 0, 7, 1668, 1666, 170, 4.23%, 9, 40, 2, 2612.32
1638967764, 0, 7, 1671, 1669, 170, 4.23%, 9, 40, 2, 3330.02
1638967769, 0, 7, 1671, 1669, 170, 4.23%, 9, 41, 2, 3450.48
1638967779, 0, 7, 1675, 1673, 170, 4.23%, 9, 41, 2, 3474.10
1638967784, 0, 7, 1679, 1677, 170, 4.23%, 9, 41, 2, 3355.31
1638967794, 0, 7, 1683, 1681, 170, 4.23%, 9, 41, 2, 3499.43
1638967799, 0, 33, 1683, 1680, 174, 4.23%, 9, 41, 2, 2670.98
1638967830, 0, 33, 1704, 1701, 174, 4.24%, 9, 43, 3, 2308.80
1638967835, 0, 33, 1727, 1724, 174, 4.24%, 9, 45, 3, 2520.17
1638967840, 0, 33, 1741, 1738, 174, 4.27%, 10, 45, 3, 2544.97
1638967845, 0, 33, 1759, 1756, 174, 4.30%, 13, 45, 3, 2785.63
1638967850, 0, 33, 1781, 1778, 174, 4.30%, 15, 46, 3, 2859.54
1638967855, 0, 33, 1797, 1794, 174, 4.30%, 16, 46, 3, 2878.00
1638967860, 0, 33, 1804, 1801, 174, 4.30%, 17, 46, 3, 2854.15
1638967865, 0, 33, 1821, 1818, 174, 4.31%, 18, 49, 3, 2825.54
1638967870, 0, 42, 1831, 1827, 183, 4.31%, 19, 51, 3, 2886.36
1638967895, 0, 42, 1836, 1832, 183, 4.31%, 19, 52, 3, 2074.03
1638967900, 0, 42, 1844, 1840, 183, 4.32%, 19, 53, 3, 1900.46
1638967905, 0, 42, 1854, 1850, 183, 4.32%, 19, 54, 3, 1995.76
1638967911, 0, 42, 1862, 1858, 183, 4.33%, 20, 56, 3, 2632.82
1638967916, 0, 42, 1871, 1867, 183, 4.33%, 20, 57, 3, 2806.99
1638967921, 0, 42, 1879, 1875, 183, 4.33%, 20, 59, 3, 2759.87
1638967926, 0, 42, 1886, 1882, 183, 4.33%, 20, 60, 3, 2523.60
1638967931, 0, 42, 1891, 1887, 183, 4.33%, 20, 60, 3, 2619.48
1638967936, 0, 42, 1896, 1892, 183, 4.33%, 22, 63, 3, 2580.41
1638967941, 0, 42, 1902, 1898, 183, 4.33%, 22, 64, 3, 2583.11
1638967946, 0, 58, 1903, 1898, 187, 4.33%, 22, 64, 3, 2803.74
1638967961, 0, 58, 1909, 1904, 187, 4.34%, 23, 65, 3, 2605.51
1638967966, 0, 58, 1920, 1915, 187, 4.34%, 25, 67, 3, 2658.77
1638967971, 0, 58, 1924, 1919, 187, 4.34%, 26, 69, 3, 2478.50
1638967977, 0, 58, 1931, 1926, 187, 4.34%, 26, 71, 3, 2682.74
1638967982, 0, 58, 1935, 1930, 187, 4.34%, 28, 72, 3, 2780.94
1638967987, 0, 58, 1941, 1936, 187, 4.34%, 28, 72, 3, 2819.30
1638967992, 0, 58, 1947, 1942, 187, 4.36%, 29, 73, 3, 2836.35
1638967997, 0, 58, 1953, 1948, 187, 4.37%, 29, 73, 3, 3001.84
1638968002, 0, 61, 1956, 1950, 193, 4.37%, 29, 74, 3, 3051.40
1638968022, 0, 61, 1960, 1954, 193, 4.37%, 30, 74, 3, 3139.87
1638968027, 0, 61, 1968, 1962, 193, 4.37%, 31, 75, 3, 3068.68
1638968032, 0, 61, 1970, 1964, 193, 4.37%, 32, 75, 3, 3033.97
1638968037, 0, 61, 1972, 1966, 193, 4.37%, 33, 77, 3, 2845.94
1638968042, 0, 61, 1974, 1968, 193, 4.37%, 33, 77, 3, 2973.60
1638968047, 0, 61, 1980, 1974, 193, 4.37%, 34, 77, 3, 2967.27
1638968052, 0, 61, 1985, 1979, 193, 4.38%, 34, 79, 3, 2989.73
1638968058, 0, 61, 1988, 1982, 193, 4.38%, 34, 80, 3, 2969.52
1638968063, 0, 236, 1989, 1982, 195, 4.38%, 34, 80, 3, 2991.15
1638968088, 0, 236, 1997, 1990, 195, 4.38%, 37, 81, 3, 2938.88
1638968093, 0, 236, 2000, 1993, 195, 4.38%, 37, 82, 3, 2895.46
1638968098, 0, 236, 2011, 2004, 195, 4.38%, 38, 82, 3, 2928.80
1638968103, 0, 236, 2013, 2006, 195, 4.38%, 39, 85, 3, 2655.91
1638968108, 0, 236, 2022, 2015, 195, 4.38%, 39, 86, 3, 2765.45
1638968114, 0, 236, 2030, 2023, 195, 4.38%, 41, 88, 3, 2740.17
1638968119, 0, 236, 2033, 2026, 195, 4.38%, 41, 89, 3, 2675.10
1638968124, 0, 236, 2037, 2030, 195, 4.38%, 41, 91, 3, 2632.07
1638968129, 0, 251, 2039, 2031, 196, 4.39%, 41, 91, 3, 2599.83
1638968154, 0, 251, 2042, 2034, 196, 4.39%, 42, 91, 3, 2473.05
1638968159, 0, 251, 2047, 2039, 196, 4.39%, 43, 91, 3, 2327.37
1638968164, 0, 251, 2055, 2047, 196, 4.39%, 43, 92, 3, 2066.34
1638968170, 0, 251, 2056, 2048, 196, 4.39%, 43, 92, 3, 1948.04
1638968175, 0, 251, 2059, 2051, 196, 4.40%, 43, 94, 3, 2115.71
1638968180, 0, 251, 2062, 2054, 196, 4.41%, 43, 95, 3, 2247.43
1638968185, 0, 251, 2069, 2061, 196, 4.41%, 44, 95, 3, 2384.48
1638968190, 0, 251, 2071, 2063, 196, 4.41%, 45, 96, 3, 2434.38
1638968195, 0, 251, 2076, 2068, 196, 4.42%, 47, 96, 3, 2555.20
1638968200, 0, 251, 2076, 2068, 196, 4.42%, 48, 97, 3, 2624.40
1638968205, 0, 269, 2078, 2069, 201, 4.43%, 48, 97, 3, 2650.73
1638968231, 0, 269, 2081, 2072, 201, 4.43%, 49, 98, 3, 2518.80
1638968236, 0, 269, 2085, 2076, 201, 4.43%, 49, 98, 3, 2532.13
1638968241, 0, 269, 2088, 2079, 201, 4.43%, 50, 98, 3, 2732.31
1638968246, 0, 269, 2091, 2082, 201, 4.43%, 51, 101, 3, 2667.88
1638968251, 0, 269, 2097, 2088, 201, 4.43%, 54, 101, 3, 2781.94
1638968256, 0, 269, 2100, 2091, 201, 4.43%, 55, 102, 3, 2874.81
1638968261, 0, 269, 2102, 2093, 201, 4.43%, 55, 102, 3, 2954.41
1638968267, 0, 269, 2107, 2098, 201, 4.43%, 55, 102, 3, 2899.10
1638968272, 0, 310, 2108, 2098, 202, 4.44%, 55, 102, 3, 2871.91
1638968297, 0, 310, 2108, 2098, 202, 4.44%, 55, 103, 3, 2536.24
1638968302, 0, 320, 2108, 2097, 202, 4.44%, 55, 103, 3, 2243.55
1638968327, 0, 320, 2109, 2098, 202, 4.44%, 55, 103, 3, 2612.27
1638968332, 0, 320, 2115, 2104, 202, 4.44%, 57, 103, 3, 2675.49
1638968337, 0, 320, 2117, 2106, 202, 4.44%, 58, 103, 3, 2750.83
1638968342, 0, 320, 2117, 2106, 202, 4.44%, 59, 103, 3, 2840.98
1638968348, 0, 320, 2121, 2110, 202, 4.44%, 60, 103, 3, 2903.11
1638968353, 0, 320, 2123, 2112, 202, 4.44%, 60, 104, 3, 2865.05
1638968358, 0, 320, 2127, 2116, 202, 4.44%, 61, 105, 3, 2952.76
1638968363, 0, 320, 2133, 2122, 202, 4.44%, 61, 105, 3, 2901.36
1638968368, 0, 320, 2137, 2126, 202, 4.44%, 61, 105, 3, 2782.35
1638968373, 0, 336, 2138, 2126, 205, 4.44%, 61, 105, 3, 3217.34
1638968383, 0, 336, 2143, 2131, 205, 4.44%, 62, 105, 3, 3156.48
1638968388, 0, 336, 2145, 2133, 205, 4.44%, 62, 105, 3, 3097.32
1638968393, 0, 336, 2146, 2134, 205, 4.44%, 64, 105, 3, 3001.42
1638968399, 0, 336, 2148, 2136, 205, 4.44%, 66, 105, 3, 2933.92
1638968404, 0, 336, 2151, 2139, 205, 4.44%, 66, 105, 3, 2804.25
1638968409, 0, 336, 2154, 2142, 205, 4.45%, 66, 105, 3, 2731.04
1638968414, 0, 336, 2155, 2143, 205, 4.45%, 67, 106, 3, 2724.21
1638968419, 0, 336, 2155, 2143, 205, 4.45%, 68, 107, 3, 2775.77
1638968424, 0, 355, 2155, 2142, 208, 4.45%, 68, 107, 3, 2676.94
1638968434, 0, 355, 2156, 2143, 208, 4.45%, 68, 107, 3, 2220.88
1638968454, 0, 355, 2159, 2146, 208, 4.45%, 68, 107, 3, 2481.25
1638968459, 0, 355, 2163, 2150, 208, 4.45%, 68, 107, 3, 2470.40
1638968465, 0, 355, 2165, 2152, 208, 4.45%, 68, 107, 3, 2621.07
1638968470, 0, 355, 2170, 2157, 208, 4.45%, 68, 109, 3, 2611.36
1638968475, 0, 355, 2172, 2159, 208, 4.45%, 68, 109, 3, 2635.41
1638968480, 0, 355, 2174, 2161, 208, 4.45%, 70, 111, 3, 2694.58
1638968485, 0, 355, 2175, 2162, 208, 4.45%, 70, 112, 3, 2737.44
1638968490, 0, 355, 2178, 2165, 208, 4.45%, 70, 112, 3, 2576.49
1638968495, 0, 386, 2180, 2166, 207, 4.45%, 70, 114, 3, 2644.60
1638968521, 0, 386, 2180, 2166, 207, 4.45%, 71, 114, 3, 2739.68
1638968526, 0, 441, 2181, 2166, 207, 4.45%, 72, 114, 3, 2668.87
1638968536, 0, 441, 2182, 2167, 207, 4.45%, 72, 114, 3, 2479.03
1638968556, 0, 441, 2184, 2169, 207, 4.45%, 73, 115, 3, 2110.95
1638968561, 0, 441, 2186, 2171, 207, 4.45%, 73, 115, 3, 2073.74
1638968567, 0, 441, 2189, 2174, 207, 4.45%, 73, 115, 3, 1930.38
1638968572, 0, 441, 2191, 2176, 207, 4.45%, 74, 115, 3, 2067.21
1638968577, 0, 441, 2193, 2178, 207, 4.45%, 74, 115, 3, 2076.00
1638968582, 0, 441, 2194, 2179, 207, 4.45%, 74, 115, 3, 2083.28
1638968587, 0, 441, 2194, 2179, 207, 4.45%, 75, 116, 3, 2137.90
1638968592, 0, 441, 2195, 2180, 207, 4.45%, 75, 116, 3, 2271.47
1638968602, 0, 441, 2197, 2182, 207, 4.45%, 75, 116, 3, 2425.63
1638968607, 0, 441, 2198, 2183, 207, 4.45%, 75, 117, 3, 2468.92
1638968613, 0, 497, 2198, 2182, 206, 4.45%, 75, 117, 3, 2541.38
1638968638, 0, 500, 2198, 2181, 205, 4.45%, 75, 117, 3, 2546.64
1638968668, 0, 500, 2200, 2183, 205, 4.45%, 75, 118, 3, 2441.99
1638968673, 0, 500, 2201, 2184, 205, 4.45%, 75, 118, 3, 2401.00
1638968678, 0, 500, 2203, 2186, 205, 4.45%, 75, 118, 3, 2294.91
1638968683, 0, 500, 2204, 2187, 205, 4.45%, 75, 118, 3, 2113.04
1638968688, 0, 500, 2204, 2187, 205, 4.45%, 76, 118, 3, 2102.44
1638968699, 0, 500, 2205, 2188, 205, 4.46%, 76, 118, 3, 1937.99
1638968704, 0, 500, 2207, 2190, 205, 4.46%, 76, 118, 3, 2056.84
1638968714, 0, 500, 2207, 2190, 205, 4.46%, 77, 118, 3, 2072.76
1638968719, 0, 609, 2208, 2190, 207, 4.46%, 79, 118, 3, 2225.23
1638968729, 0, 609, 2211, 2193, 207, 4.46%, 79, 118, 3, 2412.35
1638968735, 0, 643, 2211, 2192, 205, 4.46%, 79, 118, 3, 2378.02
1638968770, 0, 686, 2212, 2192, 204, 4.46%, 79, 118, 3, 2465.18
1638968796, 0, 686, 2213, 2193, 204, 4.46%, 80, 118, 3, 2751.84
1638968801, 0, 687, 2213, 2192, 203, 4.46%, 80, 118, 3, 2950.56
1638968816, 0, 695, 2213, 2191, 202, 4.46%, 80, 118, 3, 2853.79
1638968821, 0, 695, 2213, 2191, 202, 4.46%, 80, 119, 3, 2685.44
1638968836, 0, 701, 2213, 2190, 201, 4.46%, 80, 119, 3, 2358.73
1638968862, 0, 701, 2216, 2193, 201, 4.46%, 80, 119, 3, 2275.86
1638968867, 0, 701, 2217, 2194, 201, 4.46%, 80, 119, 3, 2260.38
1638968872, 0, 701, 2218, 2195, 201, 4.46%, 80, 119, 3, 2240.40
1638968877, 0, 701, 2222, 2199, 201, 4.46%, 80, 119, 3, 2288.23
1638968887, 0, 701, 2224, 2201, 201, 4.49%, 80, 119, 3, 2297.07
1638968892, 0, 701, 2225, 2202, 201, 4.49%, 80, 119, 3, 2250.47
1638968897, 0, 701, 2227, 2204, 201, 4.49%, 80, 119, 3, 2055.88
1638968902, 0, 701, 2228, 2205, 201, 4.49%, 80, 119, 3, 2210.75
1638968918, 0, 701, 2229, 2206, 201, 4.49%, 80, 119, 3, 2257.86
1638968923, 0, 701, 2230, 2207, 201, 4.49%, 80, 119, 3, 2368.01
1638968928, 0, 723, 2230, 2206, 203, 4.49%, 80, 119, 3, 2381.04
1638968949, 0, 739, 2230, 2205, 202, 4.49%, 80, 119, 3, 2411.37
1638968964, 0, 739, 2231, 2206, 202, 4.49%, 80, 120, 3, 2378.47
1638968969, 0, 757, 2231, 2205, 201, 4.49%, 80, 120, 3, 2445.97
1638968984, 0, 759, 2231, 2204, 200, 4.49%, 80, 120, 3, 2733.13
1638968999, 0, 759, 2235, 2208, 200, 4.49%, 80, 120, 3, 2486.92
1638969004, 0, 759, 2239, 2212, 200, 4.49%, 80, 120, 3, 2394.31
1638969009, 0, 759, 2241, 2214, 200, 4.49%, 80, 120, 3, 2382.33
1638969014, 0, 759, 2243, 2216, 200, 4.49%, 80, 120, 3, 2341.25
1638969019, 0, 759, 2246, 2219, 200, 4.49%, 80, 120, 3, 2309.07
1638969024, 0, 759, 2249, 2222, 200, 4.49%, 80, 120, 3, 2293.24
1638969029, 0, 759, 2252, 2225, 200, 4.49%, 80, 120, 3, 2117.18
1638969034, 0, 759, 2253, 2226, 200, 4.49%, 80, 120, 3, 2254.84
1638969040, 0, 759, 2256, 2229, 200, 4.49%, 80, 120, 3, 2296.68
1638969045, 0, 759, 2257, 2230, 200, 4.49%, 80, 120, 3, 2262.35
1638969050, 0, 763, 2258, 2230, 200, 4.49%, 80, 120, 3, 2300.65
1638969055, 0, 763, 2259, 2231, 200, 4.49%, 80, 120, 3, 2344.76
1638969076, 0, 787, 2259, 2230, 200, 4.49%, 80, 120, 3, 2577.93
1638969096, 0, 790, 2259, 2229, 199, 4.49%, 81, 120, 3, 2578.62
1638969111, 0, 790, 2260, 2230, 199, 4.49%, 81, 120, 3, 2868.90
1638969116, 0, 818, 2260, 2229, 198, 4.49%, 81, 120, 3, 2701.69
1638969147, 0, 826, 2261, 2229, 197, 4.49%, 81, 120, 3, 2207.82
1638969177, 0, 826, 2263, 2231, 197, 4.50%, 81, 120, 3, 2105.63
1638969182, 0, 826, 2265, 2233, 197, 4.50%, 81, 120, 3, 2155.78
1638969187, 0, 826, 2269, 2237, 197, 4.50%, 81, 120, 3, 2131.54
1638969202, 0, 826, 2271, 2239, 197, 4.50%, 81, 120, 3, 2154.62
1638969208, 0, 826, 2273, 2241, 197, 4.50%, 81, 120, 3, 2218.04
1638969213, 0, 826, 2277, 2245, 197, 4.50%, 81, 120, 3, 2287.97
1638969218, 0, 826, 2280, 2248, 197, 4.50%, 81, 120, 3, 2317.37
1638969233, 0, 826, 2283, 2251, 197, 4.50%, 81, 120, 3, 2493.03
1638969238, 0, 826, 2283, 2251, 197, 4.50%, 82, 120, 3, 2712.59
1638969243, 0, 826, 2283, 2251, 197, 4.50%, 83, 121, 3, 2723.13
1638969248, 0, 839, 2283, 2250, 196, 4.50%, 84, 121, 3, 2953.28
1638969258, 0, 841, 2283, 2249, 195, 4.50%, 84, 121, 3, 3007.04
1638969278, 0, 862, 2283, 2248, 194, 4.50%, 84, 121, 3, 2674.90
1638969288, 0, 865, 2283, 2247, 192, 4.50%, 84, 121, 3, 2286.16
1638969319, 0, 865, 2283, 2247, 192, 4.50%, 85, 121, 3, 2066.38
1638969324, 0, 865, 2284, 2248, 192, 4.50%, 85, 121, 3, 2122.61
1638969329, 0, 869, 2284, 2247, 191, 4.50%, 85, 121, 3, 2152.46
1638969350, 0, 877, 2284, 2246, 190, 4.50%, 85, 121, 3, 2220.54
1638969365, 0, 877, 2286, 2248, 190, 4.50%, 85, 121, 3, 2338.29
1638969370, 0, 877, 2287, 2249, 190, 4.50%, 85, 121, 3, 2386.47
1638969375, 0, 877, 2287, 2249, 190, 4.50%, 85, 122, 3, 2522.61
1638969380, 0, 882, 2287, 2248, 189, 4.50%, 85, 124, 3, 1857.19
1638969401, 0, 882, 2290, 2251, 189, 4.50%, 86, 126, 3, 1676.15
1638969406, 0, 882, 2290, 2251, 189, 4.50%, 87, 129, 3, 984.42
1638969412, 0, 882, 2291, 2252, 189, 4.50%, 87, 132, 3, 821.16
1638969417, 0, 882, 2291, 2252, 189, 4.50%, 87, 136, 3, 791.40
1638969422, 0, 882, 2293, 2254, 189, 4.50%, 87, 138, 3, 821.10
1638969427, 0, 882, 2294, 2255, 189, 4.50%, 88, 138, 3, 785.70
1638969432, 0, 882, 2294, 2255, 189, 4.50%, 88, 140, 3, 731.36
1638969437, 0, 882, 2294, 2255, 189, 4.50%, 88, 143, 3, 758.60
1638969442, 0, 882, 2295, 2256, 189, 4.50%, 88, 145, 3, 766.11
1638969447, 0, 882, 2295, 2256, 189, 4.50%, 89, 145, 3, 809.08
1638969452, 0, 882, 2295, 2256, 189, 4.50%, 89, 146, 3, 777.61
1638969457, 0, 882, 2295, 2256, 189, 4.50%, 89, 147, 3, 673.84
1638969462, 0, 882, 2295, 2256, 189, 4.50%, 89, 148, 3, 769.75
1638969468, 0, 882, 2297, 2258, 189, 4.50%, 89, 148, 3, 803.39
1638969473, 0, 882, 2297, 2258, 189, 4.50%, 89, 149, 3, 760.44
1638969478, 0, 882, 2298, 2259, 189, 4.50%, 89, 149, 3, 819.50
1638969483, 0, 882, 2300, 2261, 189, 4.50%, 89, 149, 3, 758.89
1638969488, 0, 882, 2300, 2261, 189, 4.50%, 89, 150, 3, 746.22
1638969498, 0, 882, 2301, 2262, 189, 4.50%, 89, 150, 3, 772.28
1638969504, 0, 882, 2301, 2262, 189, 4.50%, 90, 150, 3, 733.88
1638969509, 0, 882, 2301, 2262, 189, 4.50%, 90, 152, 3, 776.35
1638969524, 0, 882, 2302, 2263, 189, 4.50%, 91, 152, 3, 711.98
1638969529, 0, 882, 2303, 2264, 189, 4.50%, 93, 152, 3, 791.06
1638969534, 0, 882, 2303, 2264, 189, 4.50%, 93, 154, 3, 772.83
1638969540, 0, 882, 2304, 2265, 189, 4.50%, 93, 155, 3, 844.98
1638969545, 0, 882, 2304, 2265, 189, 4.50%, 94, 155, 3, 859.78
1638969555, 0, 882, 2304, 2265, 189, 4.50%, 95, 155, 3, 763.56
1638969560, 0, 882, 2304, 2265, 189, 4.50%, 95, 156, 3, 817.01
1638969565, 0, 882, 2305, 2266, 189, 4.50%, 95, 157, 3, 841.07
1638969570, 0, 882, 2306, 2267, 189, 4.50%, 97, 157, 3, 848.97
1638969586, 0, 882, 2306, 2267, 189, 4.50%, 98, 157, 3, 827.42
1638969596, 0, 882, 2306, 2267, 189, 4.50%, 101, 157, 3, 821.58
1638969606, 0, 905, 2308, 2268, 189, 4.50%, 101, 157, 3, 2105.50
1638969631, 0, 905, 2313, 2273, 189, 4.50%, 101, 157, 3, 2142.05
1638969637, 0, 905, 2315, 2275, 189, 4.50%, 101, 157, 3, 2117.77
1638969642, 0, 905, 2318, 2278, 189, 4.50%, 101, 157, 3, 2113.42
1638969647, 0, 905, 2320, 2280, 189, 4.50%, 101, 158, 3, 2086.90
1638969652, 0, 905, 2323, 2283, 189, 4.50%, 101, 158, 3, 2104.45
1638969657, 0, 905, 2326, 2286, 189, 4.50%, 101, 158, 3, 2108.30
1638969662, 0, 905, 2328, 2288, 189, 4.50%, 101, 158, 3, 2087.28
1638969667, 0, 905, 2330, 2290, 189, 4.50%, 101, 158, 3, 2103.34
1638969672, 0, 905, 2334, 2294, 189, 4.50%, 101, 158, 3, 2086.97
1638969677, 0, 905, 2335, 2295, 189, 4.50%, 101, 159, 3, 2076.91
1638969682, 0, 905, 2337, 2297, 189, 4.50%, 101, 159, 3, 2088.34
1638969687, 0, 905, 2338, 2298, 189, 4.50%, 101, 159, 3, 1933.27
1638969698, 0, 905, 2339, 2299, 189, 4.50%, 101, 159, 3, 2113.46
1638969703, 0, 905, 2342, 2302, 189, 4.50%, 101, 159, 3, 2105.16
1638969708, 0, 907, 2342, 2301, 187, 4.50%, 101, 159, 3, 2144.35
1638969734, 0, 914, 2342, 2300, 186, 4.50%, 101, 159, 3, 2344.97
1638969759, 0, 914, 2343, 2301, 186, 4.50%, 101, 159, 3, 2437.60
1638969764, 0, 914, 2347, 2305, 186, 4.50%, 101, 159, 3, 2467.91
1638969769, 0, 914, 2349, 2307, 186, 4.50%, 101, 159, 3, 2382.20
1638969774, 0, 914, 2350, 2308, 186, 4.50%, 101, 159, 3, 2282.45
1638969779, 0, 914, 2352, 2310, 186, 4.51%, 101, 159, 3, 2205.79
1638969784, 0, 914, 2354, 2312, 186, 4.51%, 101, 159, 3, 2086.52
1638969789, 0, 914, 2355, 2313, 186, 4.51%, 101, 159, 3, 2098.12
1638969794, 0, 914, 2356, 2314, 186, 4.51%, 101, 159, 3, 2092.31
1638969799, 0, 914, 2358, 2316, 186, 4.51%, 101, 159, 3, 2092.18
1638969804, 0, 914, 2360, 2318, 186, 4.51%, 101, 159, 3, 2110.31
1638969810, 0, 914, 2363, 2321, 186, 4.51%, 102, 159, 3, 2102.79
1638969815, 0, 935, 2364, 2321, 188, 4.51%, 102, 159, 3, 2248.20
1638969825, 0, 935, 2365, 2322, 188, 4.51%, 102, 159, 3, 2317.21
1638969830, 0, 939, 2365, 2321, 187, 4.51%, 102, 159, 3, 2114.06
1638969860, 0, 945, 2365, 2320, 186, 4.51%, 102, 159, 3, 2170.83
1638969896, 0, 945, 2369, 2324, 186, 4.51%, 102, 159, 3, 2372.25
1638969901, 0, 945, 2369, 2324, 186, 4.51%, 102, 160, 3, 2368.16
1638969906, 0, 945, 2370, 2325, 186, 4.51%, 102, 160, 3, 2290.91
1638969911, 0, 945, 2372, 2327, 186, 4.51%, 102, 160, 3, 2147.38
1638969922, 0, 945, 2372, 2327, 186, 4.51%, 102, 161, 3, 2325.94
1638969932, 0, 945, 2373, 2328, 186, 4.51%, 102, 161, 3, 2463.26
1638969937, 0, 945, 2374, 2329, 186, 4.51%, 102, 161, 3, 2517.20
1638969952, 0, 945, 2376, 2331, 186, 4.51%, 102, 161, 3, 2515.97
1638969957, 0, 964, 2377, 2331, 186, 4.53%, 102, 161, 3, 2712.25
1638969977, 0, 975, 2378, 2331, 185, 4.53%, 102, 161, 3, 2712.44
1638969993, 0, 976, 2378, 2330, 184, 4.53%, 102, 161, 3, 2519.83
1638970018, 0, 982, 2378, 2329, 182, 4.53%, 102, 163, 3, 2187.55
1638970033, 0, 986, 2378, 2328, 181, 4.53%, 102, 164, 3, 2239.70
1638970038, 0, 986, 2380, 2330, 181, 4.53%, 102, 164, 3, 2187.61
1638970064, 0, 986, 2381, 2331, 181, 4.53%, 102, 164, 3, 1795.62
1638970069, 0, 986, 2381, 2331, 181, 4.53%, 102, 167, 3, 1585.48
1638970074, 0, 1000, 2382, 2331, 180, 4.53%, 102, 167, 3, 1917.22
1638970099, 0, 1000, 2384, 2333, 180, 4.53%, 102, 167, 3, 2109.23
1638970104, 0, 1000, 2385, 2334, 180, 4.53%, 102, 167, 3, 2165.37
1638970109, 0, 1000, 2386, 2335, 180, 4.53%, 102, 167, 3, 2126.35
1638970114, 0, 1000, 2387, 2336, 180, 4.53%, 102, 168, 3, 2066.99
1638970120, 0, 1000, 2388, 2337, 180, 4.53%, 102, 169, 3, 2178.41
1638970125, 0, 1000, 2390, 2339, 180, 4.53%, 102, 169, 3, 2094.07
1638970145, 0, 1000, 2391, 2340, 180, 4.53%, 102, 169, 3, 2051.95
1638970165, 0, 1000, 2394, 2343, 180, 4.53%, 102, 169, 3, 2076.62
1638970175, 0, 1010, 2394, 2342, 180, 4.53%, 102, 169, 3, 2343.56
1638970185, 0, 1010, 2394, 2342, 180, 4.53%, 102, 170, 3, 2677.65
1638970196, 0, 1029, 2394, 2341, 179, 4.53%, 102, 170, 3, 2568.66
1638970216, 0, 1030, 2394, 2340, 178, 4.53%, 102, 170, 3, 2641.54
1638970236, 0, 1041, 2394, 2339, 177, 4.53%, 102, 170, 3, 3240.14
1638970246, 0, 1048, 2396, 2339, 175, 4.53%, 102, 170, 3, 3205.25
1638970257, 0, 1048, 2397, 2340, 175, 4.53%, 102, 170, 3, 3066.77
1638970262, 0, 1048, 2402, 2345, 175, 4.53%, 102, 170, 3, 2933.73
1638970267, 0, 1048, 2403, 2346, 175, 4.53%, 102, 170, 3, 2858.00
1638970272, 0, 1048, 2404, 2347, 175, 4.53%, 102, 170, 3, 2819.72
1638970277, 0, 1048, 2404, 2347, 175, 4.53%, 103, 170, 3, 2571.67
1638970292, 0, 1048, 2405, 2348, 175, 4.53%, 103, 170, 3, 2558.97
1638970297, 0, 1048, 2407, 2350, 175, 4.53%, 103, 170, 3, 2559.66
1638970312, 0, 1048, 2408, 2351, 175, 4.53%, 103, 170, 3, 2542.33
1638970317, 0, 1048, 2409, 2352, 175, 4.53%, 103, 170, 3, 2522.77
1638970323, 0, 1050, 2409, 2351, 173, 4.53%, 103, 170, 3, 2702.24
1638970333, 0, 1068, 2409, 2350, 172, 4.53%, 103, 170, 3, 2671.54
1638970358, 0, 1083, 2409, 2349, 171, 4.53%, 103, 170, 3, 2792.18
1638970369, 0, 1088, 2409, 2348, 170, 4.53%, 103, 170, 3, 2878.18
1638970384, 0, 1092, 2410, 2348, 169, 4.53%, 104, 171, 3, 2600.58
1638970394, 0, 1092, 2411, 2349, 169, 4.53%, 104, 171, 3, 2666.82
1638970409, 0, 1111, 2412, 2349, 169, 4.53%, 104, 171, 3, 2618.00
1638970419, 0, 1111, 2413, 2350, 169, 4.53%, 104, 171, 3, 2932.52
1638970429, 0, 1143, 2413, 2349, 167, 4.53%, 104, 171, 3, 2936.13
1638970439, 0, 1160, 2413, 2348, 166, 4.53%, 104, 171, 3, 3266.99
1638970455, 0, 1160, 2415, 2350, 166, 4.53%, 104, 172, 3, 2842.72
1638970460, 0, 1160, 2417, 2352, 166, 4.53%, 104, 173, 3, 2804.43
1638970465, 0, 1160, 2420, 2355, 166, 4.54%, 104, 173, 3, 2798.79
1638970470, 0, 1160, 2422, 2357, 166, 4.55%, 104, 173, 3, 2673.17
1638970475, 0, 1160, 2423, 2358, 166, 4.55%, 104, 173, 3, 2431.83
1638970480, 0, 1160, 2424, 2359, 166, 4.55%, 104, 173, 3, 2345.66
1638970485, 0, 1160, 2427, 2362, 166, 4.55%, 104, 173, 3, 2304.32
1638970490, 0, 1160, 2427, 2362, 166, 4.55%, 104, 174, 3, 2426.15
1638970495, 0, 1160, 2429, 2364, 166, 4.55%, 104, 174, 3, 2415.12
1638970500, 0, 1160, 2432, 2367, 166, 4.55%, 104, 174, 3, 2404.37
1638970510, 0, 1160, 2435, 2370, 166, 4.55%, 104, 174, 3, 2392.56
1638970515, 0, 1160, 2436, 2371, 166, 4.55%, 104, 174, 3, 2408.51
1638970521, 0, 1173, 2436, 2370, 166, 4.55%, 104, 174, 3, 2680.55
1638970531, 0, 1173, 2452, 2386, 166, 4.59%, 104, 174, 3, 2725.36
1638970536, 0, 1173, 2455, 2389, 166, 4.59%, 104, 174, 3, 2728.75
1638970541, 0, 1173, 2457, 2391, 166, 4.59%, 104, 174, 3, 2626.91
1638970556, 0, 1173, 2459, 2393, 166, 4.59%, 104, 174, 3, 2743.27
1638970561, 0, 1173, 2461, 2395, 166, 4.59%, 104, 174, 3, 2760.39
1638970566, 0, 1173, 2462, 2396, 166, 4.60%, 104, 175, 3, 2710.60
1638970571, 0, 1175, 2462, 2395, 167, 4.60%, 104, 175, 3, 2766.58
1638970586, 0, 1178, 2464, 2396, 166, 4.60%, 104, 175, 3, 2939.57
1638970591, 0, 1178, 2465, 2397, 166, 4.61%, 104, 175, 3, 3007.56
1638970602, 0, 1178, 2469, 2401, 166, 4.61%, 104, 175, 3, 2958.81
1638970607, 0, 1178, 2470, 2402, 166, 4.61%, 104, 175, 3, 2914.96
1638970612, 0, 1178, 2471, 2403, 166, 4.61%, 104, 175, 3, 2868.65
1638970617, 0, 1178, 2472, 2404, 166, 4.61%, 104, 175, 3, 2947.12
1638970622, 0, 1178, 2473, 2405, 166, 4.61%, 104, 175, 3, 2967.86
1638970627, 0, 1178, 2475, 2407, 166, 4.61%, 104, 175, 3, 2943.36
1638970632, 0, 1178, 2476, 2408, 166, 4.61%, 104, 175, 3, 2851.20
1638970647, 0, 1178, 2479, 2411, 166, 4.61%, 104, 175, 3, 2761.18
1638970652, 0, 1178, 2480, 2412, 166, 4.61%, 104, 175, 3, 2634.94
1638970657, 0, 1185, 2480, 2411, 166, 4.61%, 104, 175, 3, 2589.28
1638970673, 0, 1196, 2480, 2410, 165, 4.61%, 104, 175, 3, 2738.20
1638970688, 0, 1200, 2480, 2409, 164, 4.61%, 104, 175, 3, 2542.85
1638970703, 0, 1200, 2488, 2417, 164, 4.61%, 104, 175, 3, 2502.62
1638970708, 0, 1200, 2489, 2418, 164, 4.61%, 104, 175, 3, 2527.53
1638970713, 0, 1200, 2491, 2420, 164, 4.61%, 104, 176, 3, 2526.89
1638970724, 0, 1200, 2493, 2422, 164, 4.61%, 105, 176, 3, 2508.47
1638970729, 0, 1200, 2494, 2423, 164, 4.61%, 105, 176, 3, 2506.24
1638970754, 0, 1200, 2494, 2423, 164, 4.61%, 106, 176, 3, 2763.57
1638970759, 0, 1200, 2494, 2423, 164, 4.61%, 107, 176, 3, 2784.28
1638970764, 0, 1211, 2494, 2422, 165, 4.61%, 107, 176, 3, 2744.26
1638970775, 0, 1211, 2495, 2423, 165, 4.61%, 107, 176, 3, 2923.79
1638970790, 0, 1211, 2500, 2428, 165, 4.61%, 107, 176, 3, 2907.45
1638970800, 0, 1211, 2500, 2428, 165, 4.61%, 109, 176, 3, 2830.99
1638970805, 0, 1211, 2500, 2428, 165, 4.61%, 109, 177, 3, 2666.36
1638970815, 0, 1211, 2501, 2429, 165, 4.61%, 109, 178, 3, 2553.65
1638970820, 0, 1211, 2502, 2430, 165, 4.61%, 109, 178, 3, 2554.60
1638970825, 0, 1211, 2503, 2431, 165, 4.61%, 109, 178, 3, 2504.95
1638970831, 0, 1219, 2505, 2432, 167, 4.61%, 109, 178, 3, 2569.02
1638970856, 0, 1223, 2505, 2431, 166, 4.61%, 109, 178, 3, 2693.88
1638970867, 0, 1223, 2509, 2435, 166, 4.62%, 109, 178, 3, 2695.99
1638970872, 0, 1223, 2510, 2436, 166, 4.62%, 110, 178, 3, 2533.07
1638970877, 0, 1223, 2512, 2438, 166, 4.62%, 110, 178, 3, 2350.39
1638970882, 0, 1223, 2514, 2440, 166, 4.62%, 110, 178, 3, 2634.57
1638970887, 0, 1223, 2517, 2443, 166, 4.62%, 110, 178, 3, 2602.57
1638970892, 0, 1223, 2518, 2444, 166, 4.62%, 110, 178, 3, 2615.02
1638970897, 0, 1223, 2519, 2445, 166, 4.62%, 110, 178, 3, 2679.96
1638970902, 0, 1223, 2521, 2447, 166, 4.62%, 110, 178, 3, 2724.23
1638970912, 0, 1227, 2521, 2446, 169, 4.62%, 110, 178, 3, 2812.11
1638970917, 0, 1231, 2521, 2445, 168, 4.62%, 110, 178, 3, 2706.44
1638970942, 0, 1234, 2521, 2444, 167, 4.62%, 110, 178, 3, 2468.35
1638970953, 0, 1244, 2521, 2443, 166, 4.62%, 110, 178, 3, 2662.84
1638970973, 0, 1250, 2521, 2442, 165, 4.62%, 110, 178, 3, 2854.63
1638970993, 0, 1250, 2525, 2446, 165, 4.62%, 110, 178, 3, 2770.45
1638971003, 0, 1250, 2526, 2447, 165, 4.62%, 110, 178, 3, 2523.61
1638971018, 0, 1250, 2527, 2448, 165, 4.62%, 110, 179, 3, 2472.87
1638971024, 0, 1250, 2529, 2450, 165, 4.62%, 110, 179, 3, 2506.62
1638971029, 0, 1250, 2530, 2451, 165, 4.62%, 110, 179, 3, 2513.72
1638971034, 0, 1250, 2531, 2452, 165, 4.62%, 111, 179, 3, 2469.06
1638971039, 0, 1257, 2531, 2451, 164, 4.62%, 111, 179, 3, 2492.13
1638971065, 0, 1261, 2531, 2450, 163, 4.62%, 111, 179, 3, 2511.59
1638971080, 0, 1266, 2531, 2449, 162, 4.62%, 111, 179, 3, 2653.11
1638971095, 0, 1273, 2531, 2448, 161, 4.62%, 111, 179, 3, 2896.06
1638971105, 0, 1274, 2531, 2447, 160, 4.62%, 111, 179, 3, 2985.61
1638971125, 0, 1278, 2531, 2446, 159, 4.62%, 111, 179, 3, 2705.99
1638971140, 0, 1280, 2531, 2445, 158, 4.62%, 111, 179, 3, 2497.80
1638971161, 0, 1284, 2531, 2444, 158, 4.62%, 111, 179, 3, 2406.22
1638971176, 0, 1291, 2531, 2443, 157, 4.62%, 111, 179, 3, 2765.72
1638971186, 0, 1299, 2531, 2442, 156, 4.62%, 112, 179, 3, 2754.74
1638971196, 0, 1299, 2532, 2443, 156, 4.62%, 112, 179, 3, 2806.14
1638971202, 0, 1299, 2533, 2444, 156, 4.62%, 112, 179, 3, 2655.03
1638971207, 0, 1305, 2533, 2443, 155, 4.62%, 112, 179, 3, 2288.96
1638971227, 0, 1305, 2534, 2444, 155, 4.62%, 112, 179, 3, 2553.80
1638971232, 0, 1305, 2535, 2445, 155, 4.62%, 112, 179, 3, 2498.00
1638971237, 0, 1308, 2536, 2445, 154, 4.62%, 112, 179, 3, 2816.83
1638971242, 0, 1309, 2537, 2445, 153, 4.62%, 112, 179, 3, 2876.72
1638971247, 0, 1309, 2538, 2446, 153, 4.62%, 112, 179, 3, 2870.32
1638971253, 0, 1321, 2538, 2445, 152, 4.62%, 112, 179, 3, 2883.37
1638971258, 0, 1321, 2540, 2447, 152, 4.62%, 112, 179, 3, 2954.59
1638971268, 0, 1342, 2541, 2447, 151, 4.62%, 112, 179, 3, 3110.69
1638971278, 0, 1349, 2541, 2446, 150, 4.62%, 112, 179, 3, 3286.47
1638971293, 0, 1366, 2541, 2445, 150, 4.62%, 112, 179, 3, 3376.85
1638971298, 0, 1472, 2541, 2444, 149, 4.62%, 112, 179, 3, 3384.24
1638971323, 0, 1472, 2543, 2446, 149, 4.62%, 112, 180, 3, 2525.58
1638971328, 0, 1473, 2544, 2446, 150, 4.62%, 112, 180, 3, 2547.04
1638971348, 0, 1473, 2546, 2448, 150, 4.62%, 112, 180, 3, 2508.69
1638971354, 0, 1501, 2547, 2448, 150, 4.62%, 112, 180, 3, 2560.05
1638971379, 0, 1501, 2548, 2449, 150, 4.62%, 112, 180, 3, 2466.51
1638971384, 0, 1501, 2549, 2450, 150, 4.64%, 113, 181, 3, 2455.86
1638971389, 0, 1506, 2549, 2449, 150, 4.64%, 113, 181, 3, 2459.06
1638971410, 0, 1513, 2549, 2448, 149, 4.64%, 113, 181, 3, 2117.73
1638971420, 0, 1513, 2549, 2448, 149, 4.64%, 113, 182, 3, 2521.20
1638971435, 0, 1616, 2549, 2447, 148, 4.64%, 113, 182, 3, 2543.64
1638971450, 0, 1616, 2552, 2450, 148, 4.64%, 113, 182, 3, 2632.43
1638971461, 0, 1616, 2555, 2453, 148, 4.64%, 113, 182, 3, 2817.62
1638971466, 0, 1616, 2557, 2455, 148, 4.65%, 113, 182, 3, 2864.93
1638971481, 0, 1616, 2559, 2457, 148, 4.65%, 113, 182, 3, 2588.71
1638971486, 0, 1616, 2560, 2458, 148, 4.65%, 113, 182, 3, 2721.55
1638971491, 0, 1616, 2561, 2459, 148, 4.65%, 113, 182, 3, 2796.16
1638971496, 0, 1638, 2561, 2458, 148, 4.65%, 113, 182, 3, 2910.49
1638971501, 0, 1638, 2563, 2460, 148, 4.65%, 113, 182, 3, 2807.60
1638971511, 0, 1638, 2567, 2464, 148, 4.65%, 113, 182, 3, 2549.57
1638971516, 0, 1638, 2570, 2467, 148, 4.65%, 113, 182, 3, 2497.27
1638971521, 0, 1638, 2572, 2469, 148, 4.65%, 113, 182, 3, 2513.32
1638971526, 0, 1638, 2576, 2473, 148, 4.65%, 113, 182, 3, 2510.32
1638971532, 0, 1638, 2579, 2476, 148, 4.65%, 113, 183, 3, 2489.95
1638971542, 0, 1638, 2581, 2478, 148, 4.65%, 113, 183, 3, 2430.59
1638971552, 0, 1638, 2582, 2479, 148, 4.65%, 113, 183, 3, 2664.28
1638971562, 0, 1638, 2582, 2479, 148, 4.65%, 114, 183, 3, 2845.18
1638971567, 0, 1638, 2584, 2481, 148, 4.65%, 114, 183, 3, 2873.12
1638971572, 0, 1649, 2586, 2482, 149, 4.65%, 114, 183, 3, 3143.87
1638971583, 0, 1650, 2587, 2482, 149, 4.65%, 114, 183, 3, 3228.18
1638971588, 0, 1650, 2592, 2487, 149, 4.66%, 115, 183, 3, 3100.61
1638971593, 0, 1650, 2593, 2488, 149, 4.66%, 116, 183, 3, 2959.79
1638971598, 0, 1650, 2595, 2490, 149, 4.66%, 117, 183, 3, 2846.97
1638971608, 0, 1650, 2596, 2491, 149, 4.66%, 118, 183, 3, 2694.66
1638971618, 0, 1650, 2597, 2492, 149, 4.66%, 118, 183, 3, 2752.95
1638971623, 0, 1650, 2598, 2493, 149, 4.66%, 119, 183, 3, 2773.16
1638971628, 0, 1650, 2598, 2493, 149, 4.66%, 121, 183, 3, 2764.32
1638971633, 0, 1650, 2598, 2493, 149, 4.66%, 121, 184, 3, 2764.80
1638971638, 0, 1650, 2599, 2494, 149, 4.66%, 121, 184, 3, 2771.91
1638971643, 0, 1651, 2599, 2493, 149, 4.66%, 121, 184, 3, 2801.07
1638971648, 0, 1655, 2600, 2492, 147, 4.66%, 121, 184, 3, 2893.08
1638971654, 0, 1664, 2600, 2489, 144, 4.66%, 121, 184, 3, 2825.00
1638971669, 0, 1669, 2600, 2487, 142, 4.66%, 121, 184, 3, 2517.53
1638971679, 0, 1669, 2604, 2491, 142, 4.66%, 121, 184, 3, 2797.62
1638971689, 0, 1671, 2604, 2490, 143, 4.66%, 121, 184, 3, 2772.07
1638971699, 0, 1677, 2607, 2490, 140, 4.66%, 121, 184, 3, 2857.18
1638971704, 0, 1681, 2608, 2489, 138, 4.66%, 121, 184, 3, 2820.99
1638971709, 0, 1682, 2608, 2488, 137, 4.66%, 121, 184, 3, 2892.39
1638971714, 0, 1683, 2608, 2487, 136, 4.66%, 121, 184, 3, 2828.89
1638971719, 0, 1683, 2608, 2487, 136, 4.66%, 121, 185, 3, 2957.40
1638971730, 0, 1689, 2608, 2486, 135, 4.66%, 121, 186, 3, 2956.57
1638971735, 0, 1689, 2610, 2488, 135, 4.67%, 121, 186, 4, 2844.96
1638971740, 0, 1689, 2611, 2489, 135, 4.67%, 121, 186, 4, 2917.62
1638971745, 0, 1689, 2612, 2490, 135, 4.67%, 121, 186, 4, 2973.39
1638971750, 0, 1689, 2616, 2494, 135, 4.67%, 121, 186, 4, 2967.86
1638971755, 0, 1689, 2617, 2495, 135, 4.67%, 121, 186, 4, 2943.02
1638971765, 0, 1689, 2619, 2497, 135, 4.67%, 121, 186, 4, 2899.88
1638971780, 0, 1689, 2619, 2497, 135, 4.67%, 122, 186, 4, 2742.87
1638971786, 0, 1689, 2620, 2498, 135, 4.67%, 122, 186, 4, 2615.87
1638971791, 0, 1689, 2620, 2498, 135, 4.67%, 122, 187, 4, 2567.15
1638971806, 0, 1716, 2621, 2498, 138, 4.67%, 122, 187, 4, 2515.87
1638971821, 0, 1716, 2625, 2502, 138, 4.67%, 122, 187, 4, 2565.88
1638971826, 0, 1716, 2626, 2503, 138, 4.67%, 122, 187, 4, 2546.50
1638971837, 0, 1716, 2627, 2504, 138, 4.67%, 122, 187, 4, 2574.06
1638971852, 0, 1716, 2628, 2505, 138, 4.67%, 122, 187, 4, 2609.38
1638971877, 0, 1716, 2628, 2505, 138, 4.67%, 122, 188, 4, 2627.97
1638971882, 0, 1726, 2628, 2504, 139, 4.67%, 122, 188, 4, 2602.13
1638971898, 0, 1729, 2628, 2503, 138, 4.67%, 122, 188, 4, 2677.97
1638971918, 0, 1731, 2629, 2503, 136, 4.67%, 122, 188, 4, 2598.95
1638971938, 0, 1731, 2637, 2511, 136, 4.67%, 122, 188, 4, 2737.84
1638971943, 0, 1731, 2639, 2513, 136, 4.67%, 122, 188, 4, 2814.95
1638971959, 0, 1731, 2640, 2514, 136, 4.67%, 122, 188, 4, 2955.35
1638971974, 0, 1732, 2641, 2514, 135, 4.67%, 122, 188, 4, 3161.53
1638971994, 0, 1732, 2644, 2517, 135, 4.67%, 122, 188, 4, 2864.76
1638972000, 0, 1732, 2646, 2519, 135, 4.67%, 122, 188, 4, 2516.37
1638972005, 0, 1732, 2647, 2520, 135, 4.67%, 122, 188, 4, 2636.62
1638972010, 0, 1732, 2648, 2521, 135, 4.67%, 122, 188, 4, 2588.04
1638972015, 0, 1732, 2649, 2522, 135, 4.67%, 122, 188, 4, 2512.28
1638972020, 0, 1732, 2650, 2523, 135, 4.67%, 122, 188, 4, 2452.86
1638972025, 0, 1732, 2651, 2524, 135, 4.67%, 122, 188, 4, 2481.58
1638972030, 0, 1732, 2652, 2525, 135, 4.67%, 122, 188, 4, 2467.58
1638972035, 0, 1732, 2653, 2526, 135, 4.67%, 122, 188, 4, 2462.18
1638972056, 0, 1738, 2655, 2527, 133, 4.67%, 122, 188, 4, 2513.77
1638972066, 0, 1738, 2657, 2529, 133, 4.67%, 122, 188, 4, 2237.99
1638972081, 0, 1738, 2663, 2535, 133, 4.67%, 123, 188, 4, 2449.87
1638972086, 0, 1738, 2669, 2541, 133, 4.67%, 123, 188, 4, 2503.69
1638972091, 0, 1738, 2670, 2542, 133, 4.67%, 123, 188, 4, 2289.39
1638972096, 0, 1738, 2671, 2543, 133, 4.67%, 123, 188, 4, 2459.40
1638972101, 0, 1738, 2673, 2545, 133, 4.67%, 124, 189, 4, 2459.57
1638972106, 0, 1738, 2673, 2545, 133, 4.67%, 125, 189, 4, 2488.55
1638972117, 0, 1738, 2674, 2546, 133, 4.67%, 125, 189, 4, 2479.91
1638972122, 0, 1738, 2676, 2548, 133, 4.67%, 126, 189, 4, 2511.66
1638972127, 0, 1738, 2676, 2548, 133, 4.67%, 126, 190, 4, 2489.78
1638972132, 0, 1749, 2676, 2547, 134, 4.67%, 126, 190, 4, 2351.97
1638972147, 0, 1759, 2676, 2546, 133, 4.67%, 126, 190, 4, 2750.90
1638972162, 0, 1762, 2677, 2546, 132, 4.67%, 126, 190, 4, 2753.56
1638972177, 0, 1762, 2678, 2547, 132, 4.67%, 126, 190, 4, 2835.45
1638972182, 0, 1762, 2680, 2549, 132, 4.67%, 126, 190, 4, 2832.95
1638972188, 0, 1762, 2681, 2550, 132, 4.67%, 126, 190, 4, 2824.45
1638972193, 0, 1762, 2681, 2550, 132, 4.67%, 127, 190, 4, 2892.59
1638972198, 0, 1762, 2683, 2552, 132, 4.67%, 127, 190, 4, 2726.75
1638972208, 0, 1762, 2683, 2552, 132, 4.67%, 127, 191, 4, 2884.09
1638972218, 0, 1762, 2684, 2553, 132, 4.67%, 127, 191, 4, 2836.68
1638972233, 0, 1773, 2684, 2552, 132, 4.67%, 127, 191, 4, 2637.68
1638972254, 0, 1773, 2685, 2553, 132, 4.67%, 127, 191, 4, 2361.55
1638972259, 0, 1775, 2685, 2552, 132, 4.67%, 127, 192, 4, 2395.26
1638972284, 0, 1775, 2687, 2554, 132, 4.67%, 127, 192, 4, 2486.27
1638972294, 0, 1782, 2687, 2553, 131, 4.67%, 127, 192, 4, 2473.09
1638972305, 0, 1784, 2687, 2552, 130, 4.67%, 127, 192, 4, 2731.55
1638972335, 0, 1784, 2691, 2556, 130, 4.67%, 127, 192, 4, 2400.80
1638972365, 0, 1794, 2691, 2555, 129, 4.67%, 127, 192, 4, 2796.80
1638972380, 0, 1794, 2693, 2557, 129, 4.67%, 127, 192, 4, 2972.46
1638972390, 0, 1794, 2694, 2558, 129, 4.67%, 127, 192, 4, 2730.93
1638972395, 0, 1794, 2694, 2558, 129, 4.67%, 127, 193, 4, 2484.37
1638972405, 0, 1803, 2694, 2557, 129, 4.67%, 127, 193, 4, 2541.46
1638972426, 0, 1803, 2696, 2559, 129, 4.67%, 128, 193, 4, 2484.63
1638972436, 0, 1805, 2696, 2558, 128, 4.67%, 128, 193, 4, 2594.37
1638972461, 0, 1809, 2697, 2558, 127, 4.67%, 128, 193, 4, 2390.62
1638972477, 0, 1822, 2697, 2557, 126, 4.67%, 128, 193, 4, 2823.47
1638972492, 0, 1840, 2697, 2556, 125, 4.67%, 128, 193, 4, 2900.98
1638972522, 0, 1860, 2697, 2555, 125, 4.67%, 128, 193, 4, 2542.51
1638972548, 0, 1860, 2699, 2557, 125, 4.67%, 129, 193, 4, 2357.84
1638972553, 0, 1860, 2701, 2559, 125, 4.67%, 130, 194, 4, 2156.44
1638972558, 0, 1860, 2701, 2559, 125, 4.67%, 133, 194, 4, 2211.63
1638972568, 0, 1860, 2701, 2559, 125, 4.67%, 135, 194, 4, 2327.88
1638972578, 0, 1860, 2702, 2560, 125, 4.67%, 136, 194, 4, 2308.96
1638972583, 0, 1860, 2702, 2560, 125, 4.67%, 137, 194, 4, 2483.06
1638972593, 0, 1860, 2702, 2560, 125, 4.67%, 138, 194, 4, 2339.86
1638972598, 0, 1860, 2704, 2562, 125, 4.67%, 138, 194, 4, 2380.13
1638972609, 0, 1860, 2704, 2562, 125, 4.67%, 138, 195, 4, 2397.69
1638972619, 0, 1865, 2704, 2561, 126, 4.67%, 138, 195, 4, 2654.00
1638972644, 0, 1870, 2705, 2561, 125, 4.67%, 138, 196, 4, 2562.33
1638972664, 0, 1870, 2709, 2565, 125, 4.67%, 138, 196, 4, 2399.69
1638972669, 0, 1870, 2712, 2568, 125, 4.67%, 138, 196, 4, 2427.66
1638972675, 0, 1870, 2715, 2571, 125, 4.67%, 138, 197, 4, 2429.78
1638972680, 0, 1870, 2717, 2573, 125, 4.67%, 138, 197, 4, 2450.29
1638972690, 0, 1870, 2720, 2576, 125, 4.67%, 138, 197, 4, 2416.98
1638972695, 0, 1870, 2722, 2578, 125, 4.67%, 138, 197, 4, 2459.56
1638972700, 0, 1870, 2723, 2579, 125, 4.67%, 138, 197, 4, 2528.30
1638972705, 0, 1870, 2725, 2581, 125, 4.67%, 138, 197, 4, 2478.21
1638972710, 0, 1870, 2727, 2583, 125, 4.67%, 138, 197, 4, 2429.10
1638972720, 0, 1870, 2729, 2585, 125, 4.67%, 138, 197, 4, 2446.52
1638972730, 0, 1890, 2730, 2585, 124, 4.67%, 138, 197, 4, 2346.68
1638972761, 0, 1903, 2730, 2584, 124, 4.67%, 138, 197, 4, 2625.94
1638972776, 0, 1938, 2730, 2583, 123, 4.67%, 138, 197, 4, 2617.32
1638972807, 0, 1943, 2731, 2583, 123, 4.67%, 138, 197, 4, 2731.97
1638972812, 0, 1949, 2731, 2582, 123, 4.67%, 138, 197, 4, 2752.12
1638972842, 0, 1957, 2731, 2581, 122, 4.67%, 138, 197, 4, 2916.85
1638972863, 0, 1957, 2732, 2582, 122, 4.67%, 138, 197, 4, 2882.86
1638972868, 0, 2004, 2732, 2581, 121, 4.67%, 138, 197, 4, 2775.48
1638972903, 0, 2005, 2732, 2580, 121, 4.67%, 138, 197, 4, 2552.30
1638972923, 0, 2005, 2736, 2584, 121, 4.67%, 138, 197, 4, 2294.92
1638972929, 0, 2005, 2740, 2588, 121, 4.67%, 138, 197, 4, 2369.24
1638972934, 0, 2005, 2741, 2589, 121, 4.67%, 138, 197, 4, 2489.11
1638972939, 0, 2005, 2741, 2589, 121, 4.67%, 139, 197, 4, 2481.55
1638972944, 0, 2005, 2741, 2589, 121, 4.67%, 140, 197, 4, 2463.61
1638972949, 0, 2005, 2742, 2590, 121, 4.67%, 140, 197, 4, 2518.95
1638972964, 0, 2005, 2742, 2590, 121, 4.67%, 140, 198, 4, 2458.09
1638972979, 0, 2005, 2743, 2591, 121, 4.67%, 140, 198, 4, 2500.67
1638972984, 0, 2026, 2743, 2590, 122, 4.67%, 140, 198, 4, 2535.04
1638972989, 0, 2026, 2745, 2592, 122, 4.67%, 140, 199, 4, 2326.97
1638972994, 0, 2026, 2746, 2593, 122, 4.68%, 140, 199, 4, 2443.39
1638973010, 0, 2026, 2749, 2596, 122, 4.68%, 140, 199, 4, 2306.50
1638973025, 0, 2044, 2749, 2595, 123, 4.68%, 140, 200, 4, 2530.50
1638973040, 0, 2044, 2751, 2597, 123, 4.68%, 140, 200, 4, 2776.08
1638973050, 0, 2076, 2751, 2596, 122, 4.68%, 140, 201, 4, 727.08
1638973091, 0, 2077, 2751, 2595, 121, 4.68%, 140, 201, 4, 3119.32
1638973096, 0, 2077, 2752, 2596, 121, 4.68%, 140, 201, 4, 2784.10
1638973112, 0, 2077, 2755, 2599, 121, 4.68%, 140, 202, 4, 2710.90
1638973122, 0, 2092, 2755, 2598, 122, 4.68%, 140, 202, 4, 2599.21
1638973142, 0, 2094, 2755, 2597, 121, 4.68%, 140, 202, 4, 2972.62
1638973157, 0, 2094, 2760, 2602, 121, 4.68%, 140, 203, 4, 2915.14
1638973173, 0, 2094, 2761, 2603, 121, 4.68%, 140, 203, 4, 2542.80
1638973188, 0, 2094, 2762, 2604, 121, 4.68%, 140, 203, 4, 2280.71
1638973203, 0, 2094, 2763, 2605, 121, 4.68%, 140, 203, 4, 2463.64
1638973213, 0, 2094, 2764, 2606, 121, 4.68%, 140, 203, 4, 2450.36
1638973218, 0, 2094, 2764, 2606, 121, 4.68%, 141, 203, 4, 2460.75
1638973223, 0, 2106, 2764, 2605, 122, 4.68%, 141, 203, 4, 2660.40
1638973234, 0, 2110, 2764, 2604, 119, 4.68%, 141, 203, 4, 2703.26
1638973254, 0, 2110, 2766, 2606, 119, 4.68%, 141, 203, 4, 2430.98
1638973259, 0, 2115, 2766, 2605, 118, 4.68%, 141, 203, 4, 2513.36
1638973274, 0, 2115, 2767, 2606, 118, 4.68%, 141, 203, 4, 2889.99
1638973279, 0, 2118, 2767, 2605, 117, 4.68%, 141, 203, 4, 2911.39
1638973289, 0, 2118, 2768, 2606, 117, 4.68%, 141, 203, 4, 3003.81
1638973294, 0, 2119, 2768, 2605, 117, 4.68%, 141, 203, 4, 2836.83
1638973320, 0, 2127, 2768, 2604, 116, 4.68%, 141, 203, 4, 2444.91
1638973325, 0, 2135, 2768, 2603, 115, 4.68%, 141, 203, 4, 2550.00
1638973346, 0, 2136, 2768, 2602, 114, 4.68%, 142, 203, 4, 2608.49
1638973361, 0, 2143, 2768, 2601, 113, 4.68%, 142, 203, 4, 2692.18
1638973371, 0, 2143, 2768, 2601, 113, 4.68%, 143, 203, 4, 2538.12
1638973381, 0, 2143, 2771, 2604, 113, 4.68%, 146, 203, 4, 2515.00
1638973386, 0, 2143, 2772, 2605, 113, 4.68%, 147, 203, 4, 2309.55
1638973392, 0, 2143, 2773, 2606, 113, 4.68%, 148, 204, 4, 2362.55
1638973397, 0, 2143, 2773, 2606, 113, 4.68%, 150, 204, 4, 2479.32
1638973407, 0, 2143, 2773, 2606, 113, 4.68%, 151, 204, 4, 2672.55
1638973417, 0, 2143, 2774, 2607, 113, 4.68%, 151, 204, 4, 2811.44
1638973422, 0, 2143, 2774, 2607, 113, 4.68%, 152, 204, 4, 2734.95
1638973427, 0, 2143, 2774, 2607, 113, 4.68%, 153, 204, 4, 2611.48
1638973443, 0, 2147, 2774, 2606, 112, 4.68%, 154, 204, 4, 2524.26
1638973448, 0, 2147, 2776, 2608, 112, 4.68%, 154, 204, 4, 2545.33
1638973463, 0, 2147, 2779, 2611, 112, 4.68%, 154, 204, 4, 2524.61
1638973468, 0, 2147, 2780, 2612, 112, 4.68%, 154, 204, 4, 2545.06
1638973494, 0, 2151, 2780, 2611, 112, 4.68%, 154, 204, 4, 2694.98
1638973509, 0, 2154, 2780, 2610, 111, 4.68%, 154, 204, 4, 2540.08
1638973539, 0, 2164, 2780, 2609, 110, 4.68%, 154, 204, 4, 3176.85
1638973544, 0, 2185, 2781, 2609, 109, 4.68%, 154, 204, 4, 3220.20
1638973569, 0, 2185, 2782, 2610, 109, 4.68%, 154, 204, 4, 2633.49
1638973575, 0, 2185, 2783, 2611, 109, 4.68%, 155, 204, 4, 2521.03
1638973580, 0, 2202, 2783, 2610, 109, 4.68%, 155, 204, 4, 2474.58
1638973600, 0, 2204, 2783, 2609, 108, 4.68%, 155, 204, 4, 2533.44
1638973620, 0, 2204, 2784, 2610, 108, 4.68%, 155, 204, 4, 2547.71
1638973625, 0, 2210, 2785, 2610, 108, 4.68%, 155, 204, 4, 2495.63
1638973636, 0, 2221, 2787, 2611, 107, 4.68%, 155, 204, 4, 2812.34
1638973646, 0, 2221, 2788, 2612, 107, 4.68%, 155, 204, 4, 2834.84
1638973651, 0, 2227, 2788, 2611, 107, 4.68%, 155, 204, 4, 2431.88
1638973676, 0, 2237, 2789, 2611, 107, 4.69%, 155, 204, 4, 2994.57
1638973686, 0, 2240, 2789, 2610, 107, 4.69%, 155, 204, 4, 3136.10
1638973696, 0, 2240, 2790, 2611, 107, 4.69%, 155, 204, 4, 2980.12
1638973701, 0, 2243, 2791, 2611, 106, 4.69%, 155, 204, 4, 3013.96
1638973706, 0, 2243, 2795, 2615, 106, 4.69%, 155, 204, 4, 3004.24
1638973721, 0, 2246, 2795, 2614, 105, 4.69%, 155, 204, 4, 2579.35
1638973732, 0, 2257, 2796, 2614, 104, 4.69%, 155, 204, 4, 2863.57
1638973737, 0, 2257, 2803, 2621, 104, 4.69%, 155, 204, 4, 2835.16
1638973742, 0, 2257, 2804, 2622, 104, 4.69%, 155, 204, 4, 2785.11
1638973747, 0, 2257, 2805, 2623, 104, 4.70%, 155, 204, 4, 2771.78
1638973777, 0, 2257, 2806, 2624, 104, 4.70%, 155, 204, 4, 2776.02
1638973793, 0, 2261, 2806, 2623, 105, 4.70%, 155, 204, 4, 2688.94
1638973798, 0, 2261, 2807, 2624, 105, 4.70%, 155, 204, 4, 2618.88
1638973808, 0, 2261, 2808, 2625, 105, 4.70%, 155, 204, 4, 2576.18
1638973818, 0, 2261, 2810, 2627, 105, 4.70%, 155, 204, 4, 2564.17
1638973828, 0, 2261, 2813, 2630, 105, 4.70%, 155, 204, 4, 2534.49
1638973833, 0, 2261, 2813, 2630, 105, 4.70%, 155, 205, 4, 2547.86
1638973859, 0, 2261, 2815, 2632, 105, 4.70%, 155, 205, 4, 2564.72
1638973864, 0, 2261, 2817, 2634, 105, 4.70%, 155, 205, 4, 2530.06
1638973874, 0, 2261, 2818, 2635, 105, 4.70%, 155, 205, 4, 2567.13
1638973879, 0, 2282, 2819, 2635, 105, 4.70%, 155, 205, 4, 2542.64
1638973899, 0, 2282, 2820, 2636, 105, 4.70%, 155, 205, 4, 2612.47
1638973904, 0, 2288, 2820, 2635, 106, 4.70%, 155, 205, 4, 3004.62
1638973945, 0, 2288, 2820, 2635, 106, 4.70%, 155, 206, 4, 474.33
1638973951, 0, 2288, 2821, 2636, 106, 4.70%, 155, 206, 4, 493.76
1638973961, 0, 2305, 2821, 2635, 105, 4.70%, 155, 206, 4, 1055.60
1638973986, 0, 2305, 2822, 2636, 105, 4.70%, 155, 206, 4, 1548.30
1638973992, 0, 2305, 2823, 2637, 105, 4.70%, 155, 206, 4, 934.61
1638973997, 0, 2305, 2823, 2637, 105, 4.70%, 155, 207, 4, 743.14
1638974002, 0, 2305, 2825, 2639, 105, 4.70%, 155, 207, 4, 697.36
1638974012, 0, 2305, 2825, 2639, 105, 4.70%, 156, 207, 4, 705.53
1638974028, 0, 2305, 2828, 2642, 105, 4.70%, 156, 207, 4, 728.64
1638974043, 0, 2305, 2828, 2642, 105, 4.70%, 156, 208, 4, 746.36
1638974048, 0, 2305, 2829, 2643, 105, 4.70%, 156, 208, 4, 705.18
1638974069, 0, 2305, 2829, 2643, 105, 4.70%, 156, 209, 4, 729.38
1638974094, 0, 2305, 2829, 2643, 105, 4.70%, 156, 210, 4, 687.92
1638974099, 0, 2305, 2829, 2643, 105, 4.70%, 156, 211, 4, 715.82
1638974115, 0, 2305, 2830, 2644, 105, 4.70%, 156, 211, 4, 782.90
1638974140, 0, 2305, 2830, 2644, 105, 4.70%, 156, 212, 4, 763.65
1638974156, 0, 2305, 2830, 2644, 105, 4.70%, 157, 212, 4, 699.75
1638974171, 0, 2305, 2830, 2644, 105, 4.70%, 158, 212, 4, 689.05
1638974202, 0, 2305, 2831, 2645, 105, 4.70%, 158, 212, 4, 695.41
1638974207, 0, 2305, 2831, 2645, 105, 4.70%, 158, 213, 4, 727.64
1638974212, 0, 2319, 2831, 2644, 105, 4.70%, 158, 213, 4, 2171.55
1638974238, 0, 2319, 2833, 2646, 105, 4.70%, 158, 213, 4, 2459.29
1638974243, 0, 2319, 2834, 2647, 105, 4.70%, 158, 213, 4, 2372.74
1638974248, 0, 2340, 2835, 2647, 106, 4.70%, 158, 213, 4, 2290.08
1638974253, 0, 2340, 2837, 2649, 106, 4.70%, 158, 213, 4, 2652.86
1638974258, 0, 2340, 2838, 2650, 106, 4.70%, 158, 213, 4, 2764.17
1638974263, 0, 2340, 2845, 2657, 106, 4.70%, 158, 213, 4, 2643.72
1638974268, 0, 2340, 2846, 2658, 106, 4.70%, 158, 213, 4, 2658.94
1638974273, 0, 2340, 2848, 2660, 106, 4.70%, 158, 213, 4, 2687.46
1638974278, 0, 2340, 2850, 2662, 106, 4.70%, 158, 213, 4, 2681.46
1638974283, 0, 2340, 2852, 2664, 106, 4.70%, 158, 213, 4, 2682.07
1638974288, 0, 2340, 2853, 2665, 106, 4.70%, 158, 213, 4, 2675.33
1638974293, 0, 2340, 2854, 2666, 106, 4.70%, 158, 213, 4, 2654.94
1638974299, 0, 2340, 2854, 2666, 106, 4.70%, 158, 214, 4, 2705.22
1638974319, 0, 2345, 2857, 2668, 107, 4.70%, 158, 214, 4, 2676.12
1638974344, 0, 2345, 2859, 2670, 107, 4.70%, 158, 215, 4, 2571.25
1638974350, 0, 2350, 2860, 2670, 106, 4.70%, 158, 216, 4, 2616.81
1638974355, 0, 2350, 2861, 2671, 106, 4.70%, 158, 216, 4, 2698.64
1638974370, 0, 2350, 2868, 2678, 106, 4.70%, 158, 216, 4, 2502.61
1638974375, 0, 2350, 2872, 2682, 106, 4.70%, 158, 216, 4, 2454.39
1638974380, 0, 2350, 2875, 2685, 106, 4.70%, 160, 217, 4, 2243.88
1638974386, 0, 2350, 2876, 2686, 106, 4.70%, 160, 217, 4, 2358.55
1638974391, 0, 2350, 2877, 2687, 106, 4.70%, 160, 217, 4, 2412.05
1638974406, 0, 2350, 2878, 2688, 106, 4.70%, 160, 217, 4, 2402.27
1638974411, 0, 2350, 2882, 2692, 106, 4.70%, 160, 217, 4, 2521.01
1638974421, 0, 2360, 2884, 2693, 110, 4.70%, 160, 217, 4, 2775.87
1638974447, 0, 2364, 2884, 2692, 110, 4.70%, 160, 217, 4, 2459.40
1638974452, 0, 2364, 2887, 2695, 110, 4.70%, 160, 217, 4, 2710.63
1638974457, 0, 2367, 2887, 2694, 109, 4.70%, 160, 217, 4, 2687.22
1638974483, 0, 2367, 2891, 2698, 109, 4.70%, 160, 217, 4, 2538.97
1638974508, 0, 2367, 2891, 2698, 109, 4.70%, 160, 218, 4, 2504.19
1638974513, 0, 2373, 2891, 2697, 109, 4.70%, 160, 218, 4, 2343.19
1638974529, 0, 2376, 2892, 2697, 108, 4.70%, 160, 218, 4, 2915.20
1638974534, 0, 2376, 2893, 2698, 108, 4.70%, 160, 218, 4, 2871.09
1638974539, 0, 2376, 2905, 2710, 108, 4.70%, 160, 218, 4, 2868.80
1638974544, 0, 2376, 2911, 2716, 108, 4.70%, 160, 218, 4, 2904.73
1638974549, 0, 2376, 2912, 2717, 108, 4.70%, 160, 218, 4, 3039.14
1638974554, 0, 2376, 2914, 2719, 108, 4.70%, 160, 218, 4, 3035.60
1638974559, 0, 2376, 2916, 2721, 108, 4.70%, 161, 218, 4, 2936.26
1638974564, 0, 2376, 2916, 2721, 108, 4.70%, 161, 219, 4, 2841.70
1638974569, 0, 2376, 2917, 2722, 108, 4.70%, 161, 219, 4, 2826.10
1638974579, 0, 2376, 2920, 2725, 108, 4.70%, 161, 219, 4, 2525.25
1638974589, 0, 2376, 2921, 2726, 108, 4.70%, 161, 219, 4, 2695.96
1638974594, 0, 2387, 2923, 2727, 111, 4.70%, 161, 219, 4, 2724.70
1638974609, 0, 2387, 2924, 2728, 111, 4.70%, 161, 219, 4, 2705.95
1638974614, 0, 2388, 2924, 2727, 111, 4.70%, 161, 219, 4, 2577.03
1638974619, 0, 2388, 2926, 2729, 111, 4.70%, 161, 219, 4, 2530.31
1638974630, 0, 2396, 2926, 2728, 110, 4.70%, 161, 219, 4, 2520.22
1638974645, 0, 2398, 2927, 2728, 109, 4.70%, 161, 219, 4, 2409.07
1638974660, 0, 2402, 2927, 2727, 108, 4.70%, 161, 219, 4, 2797.33
1638974670, 0, 2402, 2929, 2729, 108, 4.70%, 162, 219, 4, 2720.95
1638974675, 0, 2402, 2930, 2730, 108, 4.70%, 162, 219, 4, 2706.08
1638974680, 0, 2407, 2930, 2729, 107, 4.70%, 162, 219, 4, 2716.98
1638974696, 0, 2407, 2932, 2731, 107, 4.70%, 162, 219, 4, 2636.56
1638974701, 0, 2407, 2934, 2733, 107, 4.70%, 162, 219, 4, 2715.46
1638974706, 0, 2407, 2935, 2734, 107, 4.70%, 162, 219, 4, 2776.74
1638974721, 0, 2407, 2935, 2734, 107, 4.70%, 163, 219, 4, 2856.76
1638974726, 0, 2407, 2936, 2735, 107, 4.70%, 163, 219, 4, 2936.21
1638974742, 0, 2417, 2936, 2734, 107, 4.70%, 163, 219, 4, 2889.73
1638974752, 0, 2422, 2936, 2733, 106, 4.70%, 163, 219, 4, 2871.28
1638974762, 0, 2422, 2937, 2734, 106, 4.70%, 163, 219, 4, 2755.01
1638974767, 0, 2426, 2937, 2733, 105, 4.70%, 163, 219, 4, 2850.59
1638974772, 0, 2430, 2937, 2732, 103, 4.70%, 163, 219, 4, 2833.43
1638974777, 0, 2430, 2939, 2734, 103, 4.70%, 163, 219, 4, 2553.94
1638974782, 0, 2430, 2946, 2741, 103, 4.70%, 163, 219, 4, 2780.87
1638974787, 0, 2430, 2949, 2744, 103, 4.70%, 163, 219, 4, 2779.05
1638974792, 0, 2430, 2950, 2745, 103, 4.70%, 163, 219, 4, 2790.44
1638974797, 0, 2430, 2952, 2747, 103, 4.70%, 163, 219, 4, 2796.94
1638974808, 0, 2430, 2953, 2748, 103, 4.70%, 163, 220, 4, 2780.08
1638974818, 0, 2430, 2954, 2749, 103, 4.70%, 163, 220, 4, 2772.35
1638974833, 0, 2430, 2956, 2751, 103, 4.70%, 163, 220, 4, 2823.56
1638974838, 0, 2439, 2957, 2751, 103, 4.70%, 163, 221, 4, 2753.66
1638974853, 0, 2446, 2957, 2750, 102, 4.70%, 163, 221, 4, 2783.70
1638974858, 0, 2446, 2958, 2751, 102, 4.70%, 163, 221, 4, 2794.35
1638974864, 0, 2446, 2959, 2752, 102, 4.70%, 163, 221, 4, 2741.96
1638974869, 0, 2448, 2959, 2751, 102, 4.70%, 163, 221, 4, 2707.76
1638974879, 0, 2448, 2962, 2754, 102, 4.70%, 163, 222, 4, 2787.24
1638974884, 0, 2448, 2964, 2756, 102, 4.70%, 163, 222, 4, 2803.48
1638974899, 0, 2448, 2965, 2757, 102, 4.70%, 163, 222, 4, 3077.34
1638974904, 0, 2448, 2965, 2757, 102, 4.70%, 163, 223, 4, 3137.78
1638974919, 0, 2448, 2967, 2759, 102, 4.71%, 163, 223, 4, 2896.07
1638974935, 0, 2454, 2967, 2758, 102, 4.71%, 163, 223, 4, 2777.66
1638974940, 0, 2454, 2969, 2760, 102, 4.71%, 163, 223, 4, 2732.84
1638974950, 0, 2463, 2969, 2759, 102, 4.71%, 163, 223, 4, 2673.56
1638974965, 0, 2463, 2971, 2761, 102, 4.71%, 163, 223, 4, 2647.63
1638974970, 0, 2466, 2971, 2760, 101, 4.71%, 163, 224, 4, 2569.35
1638974991, 0, 2472, 2972, 2760, 100, 4.71%, 163, 224, 4, 2516.19
1638974996, 0, 2472, 2973, 2761, 100, 4.71%, 163, 224, 4, 2639.68
1638975006, 0, 2472, 2974, 2762, 100, 4.71%, 163, 224, 4, 2238.26
1638975011, 0, 2479, 2974, 2761, 100, 4.71%, 163, 224, 4, 2584.81
1638975021, 0, 2489, 2974, 2760, 99, 4.71%, 163, 224, 4, 2808.89
1638975041, 0, 2489, 2975, 2761, 99, 4.71%, 164, 224, 4, 2329.83
1638975046, 0, 2495, 2975, 2760, 98, 4.71%, 164, 224, 4, 2495.01
1638975077, 0, 2507, 2975, 2759, 97, 4.71%, 164, 224, 4, 2609.79
1638975082, 0, 2507, 2976, 2760, 97, 4.71%, 164, 224, 4, 2773.14
1638975087, 0, 2513, 2976, 2759, 97, 4.71%, 164, 224, 4, 2883.40
1638975092, 0, 2513, 2977, 2760, 97, 4.71%, 164, 224, 4, 2882.70
1638975098, 0, 2514, 2978, 2760, 97, 4.71%, 164, 224, 4, 2940.97
1638975103, 0, 2515, 2978, 2759, 96, 4.71%, 164, 224, 4, 2875.19
1638975118, 0, 2515, 2981, 2762, 96, 4.71%, 164, 224, 4, 2684.95
1638975123, 0, 2515, 2982, 2763, 96, 4.71%, 164, 224, 4, 2699.30
1638975143, 0, 2517, 2982, 2762, 96, 4.71%, 164, 224, 4, 2861.08
1638975148, 0, 2521, 2983, 2762, 95, 4.71%, 164, 224, 4, 2696.38
1638975174, 0, 2521, 2984, 2763, 95, 4.71%, 164, 224, 4, 2235.60
1638975179, 0, 2535, 2984, 2762, 94, 4.71%, 164, 224, 4, 2682.59
1638975189, 0, 2539, 2984, 2761, 93, 4.71%, 164, 224, 4, 2930.72
1638975204, 0, 2539, 2987, 2764, 93, 4.71%, 164, 224, 4, 2954.99
1638975209, 0, 2539, 2987, 2764, 93, 4.71%, 164, 225, 4, 2949.40
1638975214, 0, 2541, 2988, 2764, 93, 4.71%, 164, 225, 4, 2897.50
1638975234, 0, 2541, 2993, 2769, 93, 4.71%, 164, 225, 4, 2639.57
1638975239, 0, 2541, 2996, 2772, 93, 4.71%, 164, 225, 4, 2251.50
1638975245, 0, 2541, 2999, 2775, 93, 4.71%, 164, 225, 4, 2422.47
1638975250, 0, 2541, 3000, 2776, 93, 4.71%, 164, 225, 4, 2489.14
1638975255, 0, 2541, 3002, 2778, 93, 4.71%, 164, 225, 4, 2509.06
1638975260, 0, 2541, 3003, 2779, 93, 4.71%, 164, 226, 4, 2497.85
1638975270, 0, 2541, 3004, 2780, 93, 4.71%, 164, 226, 4, 2484.48
1638975280, 0, 2541, 3005, 2781, 93, 4.71%, 164, 226, 4, 2476.52
1638975295, 0, 2542, 3005, 2780, 94, 4.71%, 164, 226, 4, 2510.48
1638975321, 0, 2545, 3005, 2779, 93, 4.71%, 164, 226, 4, 2507.66
1638975341, 0, 2545, 3007, 2781, 93, 4.71%, 164, 226, 4, 2508.70
1638975346, 0, 2548, 3007, 2780, 92, 4.71%, 164, 226, 4, 2488.84
1638975351, 0, 2548, 3010, 2783, 92, 4.71%, 164, 226, 4, 2610.84
1638975357, 0, 2548, 3011, 2784, 92, 4.71%, 164, 226, 4, 2563.99
1638975372, 0, 2548, 3016, 2789, 92, 4.71%, 164, 226, 4, 2462.44
1638975377, 0, 2548, 3017, 2790, 92, 4.71%, 164, 226, 4, 2750.89
1638975382, 0, 2548, 3019, 2792, 92, 4.71%, 164, 226, 4, 2850.34
1638975387, 0, 2548, 3020, 2793, 92, 4.71%, 164, 226, 4, 2827.83
1638975397, 0, 2548, 3021, 2794, 92, 4.71%, 164, 226, 4, 2758.15
1638975402, 0, 2548, 3022, 2795, 92, 4.71%, 164, 226, 4, 2666.94
1638975432, 0, 2555, 3025, 2797, 95, 4.71%, 164, 226, 4, 2620.60
1638975438, 0, 2555, 3027, 2799, 95, 4.72%, 164, 226, 4, 2491.54
1638975448, 0, 2556, 3028, 2799, 95, 4.72%, 164, 226, 4, 2794.24
1638975458, 0, 2561, 3028, 2798, 94, 4.72%, 164, 226, 4, 2573.89
1638975473, 0, 2561, 3029, 2799, 94, 4.72%, 164, 226, 4, 2513.85
1638975478, 0, 2561, 3030, 2800, 94, 4.72%, 164, 226, 4, 2493.67
1638975483, 0, 2572, 3032, 2801, 93, 4.72%, 164, 226, 4, 2547.22
1638975504, 0, 2572, 3034, 2803, 93, 4.72%, 164, 226, 4, 2225.56
1638975509, 0, 2577, 3037, 2805, 92, 4.72%, 164, 226, 4, 2482.20
1638975529, 0, 2580, 3037, 2804, 92, 4.72%, 164, 226, 4, 2706.25
1638975540, 0, 2580, 3039, 2806, 92, 4.72%, 164, 226, 4, 2641.36
1638975545, 0, 2580, 3040, 2807, 92, 4.72%, 164, 226, 4, 2700.56
1638975555, 0, 2581, 3043, 2809, 92, 4.72%, 164, 226, 4, 2640.98
1638975565, 0, 2581, 3044, 2810, 92, 4.72%, 164, 226, 4, 2504.20
1638975570, 0, 2581, 3046, 2812, 92, 4.72%, 164, 226, 4, 2339.50
1638975575, 0, 2581, 3047, 2813, 92, 4.72%, 164, 226, 4, 2523.58
1638975580, 0, 2581, 3048, 2814, 92, 4.72%, 164, 226, 4, 2589.99
1638975590, 0, 2581, 3049, 2815, 92, 4.72%, 164, 226, 4, 2790.12
1638975595, 0, 2581, 3050, 2816, 92, 4.72%, 164, 226, 4, 2795.89
1638975631, 0, 2589, 3050, 2815, 93, 4.72%, 164, 226, 4, 2709.41
1638975636, 0, 2591, 3052, 2816, 92, 4.72%, 164, 226, 4, 2693.25
1638975646, 0, 2595, 3053, 2816, 91, 4.72%, 164, 226, 4, 3012.74
1638975651, 0, 2595, 3054, 2817, 91, 4.72%, 164, 226, 4, 3284.52
1638975656, 0, 2601, 3054, 2816, 90, 4.72%, 164, 226, 4, 3379.65
1638975661, 0, 2601, 3058, 2820, 90, 4.72%, 164, 226, 4, 3190.34
1638975666, 0, 2601, 3059, 2821, 90, 4.72%, 164, 226, 4, 3077.69
1638975677, 0, 2601, 3060, 2822, 90, 4.72%, 164, 226, 4, 2855.84
1638975682, 0, 2601, 3061, 2823, 90, 4.72%, 164, 226, 4, 2796.95
1638975697, 0, 2601, 3062, 2824, 90, 4.72%, 164, 226, 4, 2734.53
1638975718, 0, 2605, 3063, 2824, 92, 4.72%, 164, 226, 4, 2799.97
1638975723, 0, 2608, 3063, 2823, 91, 4.72%, 164, 226, 4, 2545.43
1638975738, 0, 2608, 3066, 2826, 91, 4.72%, 164, 227, 5, 2497.30
1638975748, 0, 2608, 3066, 2826, 91, 4.72%, 165, 227, 5, 2487.88
1638975769, 0, 2610, 3066, 2825, 90, 4.72%, 165, 227, 5, 2292.66
1638975789, 0, 2619, 3066, 2824, 89, 4.72%, 165, 227, 5, 2507.64
1638975809, 0, 2620, 3066, 2823, 88, 4.72%, 165, 227, 5, 2539.31
1638975825, 0, 2620, 3068, 2825, 88, 4.72%, 165, 227, 5, 2773.71
1638975840, 0, 2624, 3069, 2825, 88, 4.72%, 165, 227, 5, 2686.13
1638975850, 0, 2624, 3071, 2827, 88, 4.72%, 165, 227, 5, 2833.85
1638975860, 0, 2624, 3072, 2828, 88, 4.72%, 165, 227, 5, 2758.74
1638975870, 0, 2627, 3072, 2827, 88, 4.72%, 165, 227, 5, 2702.11
1638975891, 0, 2640, 3072, 2826, 87, 4.72%, 165, 227, 5, 2689.75
1638975906, 0, 2641, 3073, 2826, 86, 4.72%, 165, 227, 5, 2721.80
1638975926, 0, 2650, 3073, 2825, 85, 4.72%, 165, 227, 5, 2895.69
1638975942, 0, 2650, 3074, 2826, 85, 4.72%, 165, 227, 5, 2963.28
1638975952, 0, 2655, 3074, 2825, 84, 4.72%, 165, 227, 5, 2711.81
1638975977, 0, 2655, 3075, 2826, 84, 4.72%, 165, 227, 5, 2517.04
1638975987, 0, 2667, 3076, 2826, 83, 4.72%, 165, 227, 5, 2462.59
1638976013, 0, 2679, 3076, 2825, 82, 4.72%, 165, 227, 5, 2648.36
1638976028, 0, 2679, 3078, 2827, 82, 4.72%, 165, 228, 5, 2594.66
1638976033, 0, 2679, 3079, 2828, 82, 4.72%, 165, 228, 5, 2357.76
1638976038, 0, 2679, 3081, 2830, 82, 4.72%, 166, 228, 5, 2626.85
1638976054, 0, 2679, 3081, 2830, 82, 4.72%, 167, 228, 5, 2630.14
1638976074, 0, 2679, 3082, 2831, 82, 4.72%, 167, 228, 5, 2691.55
1638976084, 0, 2679, 3083, 2832, 82, 4.72%, 167, 228, 5, 2661.66
1638976089, 0, 2691, 3083, 2831, 81, 4.72%, 167, 228, 5, 2599.95
1638976109, 0, 2691, 3083, 2831, 81, 4.72%, 169, 228, 5, 2630.77
1638976114, 0, 2694, 3083, 2830, 80, 4.72%, 169, 228, 5, 2618.95
1638976140, 0, 2700, 3083, 2829, 80, 4.72%, 169, 228, 5, 2532.51
1638976165, 0, 2704, 3083, 2828, 79, 4.72%, 170, 228, 5, 2088.23
1638976191, 0, 2704, 3084, 2829, 79, 4.72%, 170, 228, 5, 2420.80
1638976196, 0, 2716, 3084, 2828, 78, 4.72%, 170, 228, 5, 2460.12
1638976201, 0, 2716, 3086, 2830, 78, 4.72%, 170, 228, 5, 2553.10
1638976211, 0, 2716, 3087, 2831, 78, 4.72%, 170, 228, 5, 2560.03
1638976216, 0, 2716, 3088, 2832, 78, 4.72%, 170, 228, 5, 2539.78
1638976222, 0, 2716, 3090, 2834, 78, 4.72%, 170, 228, 5, 2546.43
1638976237, 0, 2716, 3091, 2835, 78, 4.72%, 170, 228, 5, 2591.21
1638976272, 0, 2740, 3092, 2835, 78, 4.72%, 170, 228, 5, 3206.55
1638976287, 0, 2745, 3094, 2836, 78, 4.72%, 170, 229, 5, 3108.69
1638976308, 0, 2745, 3095, 2837, 78, 4.72%, 170, 229, 5, 2518.61
1638976313, 0, 2745, 3096, 2838, 78, 4.72%, 170, 229, 5, 2403.42
1638976318, 0, 2745, 3096, 2838, 78, 4.72%, 170, 230, 5, 2344.63
1638976323, 0, 2745, 3097, 2839, 78, 4.72%, 170, 230, 5, 2223.33
1638976338, 0, 2745, 3097, 2839, 78, 4.72%, 170, 231, 5, 2262.49
1638976348, 0, 2745, 3098, 2840, 78, 4.72%, 170, 231, 5, 2301.11
1638976353, 0, 2745, 3099, 2841, 78, 4.72%, 170, 231, 5, 2177.40
1638976359, 0, 2751, 3099, 2840, 78, 4.72%, 170, 231, 5, 2491.19
1638976379, 0, 2751, 3102, 2843, 78, 4.72%, 170, 232, 5, 2627.27
1638976384, 0, 2751, 3103, 2844, 78, 4.72%, 171, 232, 5, 2599.49
1638976399, 0, 2752, 3103, 2843, 78, 4.72%, 171, 232, 5, 2639.30
1638976420, 0, 2757, 3104, 2843, 77, 4.72%, 171, 232, 5, 2736.47
1638976440, 0, 2759, 3104, 2842, 76, 4.72%, 171, 232, 5, 2670.01
1638976445, 0, 2759, 3105, 2843, 76, 4.72%, 171, 232, 5, 2696.19
1638976460, 0, 2759, 3106, 2844, 76, 4.72%, 171, 233, 5, 2714.25
1638976465, 0, 2767, 3106, 2843, 76, 4.72%, 171, 233, 5, 2860.03
1638976475, 0, 2767, 3107, 2844, 76, 4.72%, 171, 233, 5, 2927.18
1638976481, 0, 2767, 3108, 2845, 76, 4.72%, 171, 233, 5, 2819.21
1638976486, 0, 2767, 3108, 2845, 76, 4.72%, 171, 234, 5, 2728.22
1638976491, 0, 2778, 3108, 2844, 76, 4.72%, 171, 234, 5, 2698.33
1638976496, 0, 2778, 3109, 2845, 76, 4.72%, 171, 234, 5, 2346.23
1638976511, 0, 2780, 3110, 2845, 75, 4.72%, 171, 234, 5, 2663.37
1638976526, 0, 2783, 3110, 2844, 74, 4.72%, 171, 234, 5, 2707.33
1638976542, 0, 2783, 3111, 2845, 74, 4.72%, 171, 234, 5, 2649.71
1638976547, 0, 2787, 3112, 2845, 73, 4.72%, 172, 234, 5, 2647.77
1638976562, 0, 2788, 3112, 2844, 73, 4.72%, 172, 234, 5, 2649.55
1638976577, 0, 2788, 3114, 2846, 73, 4.72%, 172, 234, 5, 2843.83
1638976587, 0, 2792, 3114, 2845, 72, 4.72%, 172, 234, 5, 2839.86
1638976593, 0, 2804, 3115, 2845, 71, 4.72%, 172, 234, 5, 2857.78
1638976598, 0, 2804, 3118, 2848, 71, 4.72%, 172, 234, 5, 2806.16
1638976603, 0, 2804, 3119, 2849, 71, 4.72%, 172, 235, 5, 2747.49
1638976624, 0, 2805, 3119, 2848, 72, 4.72%, 172, 235, 5, 2627.39
1638976634, 0, 2805, 3122, 2851, 72, 4.72%, 172, 235, 5, 2557.77
1638976639, 0, 2805, 3123, 2852, 72, 4.72%, 172, 235, 5, 2600.93
1638976649, 0, 2805, 3124, 2853, 72, 4.72%, 172, 235, 5, 2607.88
1638976654, 0, 2805, 3126, 2855, 72, 4.72%, 172, 235, 5, 2726.92
1638976659, 0, 2805, 3127, 2856, 72, 4.72%, 172, 235, 5, 2834.06
1638976664, 0, 2805, 3128, 2857, 72, 4.72%, 172, 235, 5, 2915.45
1638976689, 0, 2807, 3129, 2857, 73, 4.72%, 172, 235, 5, 2863.06
1638976720, 0, 2819, 3129, 2856, 72, 4.72%, 172, 235, 5, 2551.16
1638976741, 0, 2819, 3130, 2857, 72, 4.72%, 172, 235, 5, 2544.39
1638976746, 0, 2824, 3130, 2856, 71, 4.72%, 172, 235, 5, 2373.30
1638976771, 0, 2824, 3131, 2857, 71, 4.72%, 172, 235, 5, 1284.64
1638976787, 0, 2824, 3132, 2858, 71, 4.72%, 172, 235, 5, 825.52
1638976817, 0, 2832, 3133, 2858, 70, 4.72%, 172, 235, 5, 1880.02
1638976848, 0, 2832, 3134, 2859, 70, 4.72%, 172, 235, 5, 2560.89
1638976853, 0, 2840, 3134, 2858, 70, 4.72%, 172, 235, 5, 2752.32
1638976863, 0, 2846, 3134, 2857, 69, 4.72%, 172, 235, 5, 3022.32
1638976868, 0, 2846, 3135, 2858, 69, 4.72%, 172, 235, 5, 3083.14
1638976878, 0, 2846, 3136, 2859, 69, 4.72%, 172, 235, 5, 2973.07
1638976884, 0, 2866, 3136, 2858, 68, 4.72%, 172, 235, 5, 2912.47
1638976899, 0, 2880, 3136, 2857, 67, 4.72%, 172, 235, 5, 2670.38
1638976909, 0, 2883, 3137, 2857, 66, 4.72%, 172, 235, 5, 2646.63
1638976935, 0, 2883, 3138, 2858, 66, 4.72%, 172, 235, 5, 2523.29
1638976940, 0, 2883, 3138, 2858, 66, 4.72%, 172, 236, 5, 2544.28
1638976945, 0, 2885, 3139, 2858, 65, 4.72%, 172, 236, 5, 2806.57
1638976950, 0, 2885, 3141, 2860, 65, 4.72%, 172, 236, 5, 2819.77
1638976955, 0, 2885, 3142, 2861, 65, 4.72%, 172, 236, 5, 2644.18
1638976965, 0, 2886, 3142, 2860, 65, 4.72%, 172, 236, 5, 2827.35
1638976970, 0, 2886, 3145, 2863, 65, 4.72%, 172, 236, 5, 2775.59
1638976991, 0, 2890, 3145, 2862, 64, 4.72%, 172, 236, 5, 2642.38
1638977021, 0, 2909, 3145, 2861, 63, 4.72%, 172, 236, 5, 2646.54
1638977031, 0, 2910, 3145, 2860, 62, 4.72%, 172, 236, 5, 2894.98
1638977041, 0, 2912, 3145, 2859, 61, 4.72%, 172, 236, 5, 3151.61
1638977051, 0, 2912, 3147, 2861, 61, 4.72%, 172, 237, 5, 3123.80
1638977056, 0, 2912, 3149, 2863, 61, 4.72%, 172, 237, 5, 2974.24
1638977062, 0, 2912, 3150, 2864, 61, 4.72%, 172, 237, 5, 2908.45
1638977082, 0, 2912, 3151, 2865, 61, 4.72%, 172, 237, 5, 2711.26
1638977092, 0, 2912, 3151, 2865, 61, 4.72%, 173, 237, 5, 2440.41
1638977097, 0, 2914, 3151, 2864, 60, 4.72%, 173, 237, 5, 2766.06
1638977107, 0, 2915, 3151, 2863, 59, 4.72%, 173, 237, 5, 2797.36
1638977122, 0, 2922, 3151, 2862, 58, 4.72%, 173, 237, 5, 2767.52
1638977137, 0, 2929, 3151, 2861, 57, 4.72%, 173, 237, 5, 2699.15
1638977167, 0, 2931, 3151, 2860, 57, 4.72%, 173, 237, 5, 2559.76
1638977183, 0, 2936, 3151, 2859, 56, 4.72%, 173, 237, 5, 2605.62
1638977193, 0, 2936, 3152, 2860, 56, 4.72%, 173, 237, 5, 2858.96
1638977198, 0, 2936, 3153, 2861, 56, 4.72%, 173, 238, 5, 2714.38
1638977203, 0, 2936, 3154, 2862, 56, 4.72%, 173, 238, 5, 2742.47
1638977208, 0, 2936, 3154, 2862, 56, 4.72%, 173, 239, 5, 2723.53
1638977218, 0, 2941, 3154, 2861, 60, 4.72%, 173, 239, 5, 2796.41
1638977223, 0, 2941, 3155, 2862, 60, 4.72%, 173, 239, 5, 2561.77
1638977228, 0, 2941, 3157, 2864, 60, 4.72%, 173, 239, 5, 2754.59
1638977233, 0, 2941, 3158, 2865, 60, 4.72%, 173, 239, 5, 2837.21
1638977238, 0, 2941, 3159, 2866, 60, 4.72%, 173, 239, 5, 2978.03
1638977249, 0, 2941, 3160, 2867, 60, 4.72%, 173, 239, 5, 2842.89
1638977279, 0, 2954, 3160, 2866, 61, 4.72%, 173, 239, 5, 2907.05
1638977289, 0, 2954, 3161, 2867, 61, 4.72%, 173, 239, 5, 2558.40
1638977295, 0, 2958, 3161, 2866, 60, 4.72%, 173, 239, 5, 2716.50
1638977305, 0, 2958, 3163, 2868, 60, 4.72%, 173, 239, 5, 2726.21
1638977310, 0, 2958, 3164, 2869, 60, 4.72%, 173, 239, 5, 2721.65
1638977330, 0, 2962, 3164, 2868, 59, 4.72%, 173, 239, 5, 2634.41
1638977335, 0, 2962, 3165, 2869, 59, 4.72%, 173, 239, 5, 2574.87
1638977345, 0, 2964, 3165, 2868, 58, 4.72%, 173, 239, 5, 2758.42
1638977350, 0, 2964, 3166, 2869, 58, 4.72%, 173, 239, 5, 2767.25
1638977356, 0, 2964, 3168, 2871, 58, 4.72%, 173, 239, 5, 2572.07
1638977371, 0, 2965, 3168, 2870, 58, 4.72%, 173, 239, 5, 3017.85
1638977386, 0, 2967, 3168, 2869, 57, 4.72%, 173, 239, 5, 3288.78
1638977391, 0, 2967, 3170, 2871, 57, 4.72%, 173, 239, 5, 3239.66
1638977396, 0, 2967, 3171, 2872, 57, 4.72%, 173, 239, 5, 3102.50
1638977411, 0, 2972, 3171, 2871, 56, 4.72%, 173, 239, 5, 2829.57
1638977427, 0, 2975, 3171, 2870, 55, 4.72%, 173, 239, 5, 2770.76
1638977432, 0, 2976, 3171, 2869, 54, 4.72%, 173, 239, 5, 2791.23
1638977447, 0, 2978, 3171, 2868, 53, 4.72%, 173, 239, 5, 2731.86
1638977463, 0, 2985, 3171, 2867, 52, 4.72%, 173, 239, 5, 2628.19
1638977483, 0, 2987, 3171, 2866, 51, 4.72%, 173, 239, 5, 2489.21
1638977503, 0, 2987, 3172, 2867, 51, 4.72%, 173, 239, 5, 2523.12
1638977508, 0, 3002, 3172, 2866, 51, 4.72%, 173, 239, 5, 2616.53
1638977523, 0, 3010, 3172, 2865, 50, 4.72%, 173, 240, 5, 2683.74
1638977549, 0, 3010, 3173, 2866, 50, 4.72%, 173, 240, 5, 2375.33
1638977559, 0, 3017, 3173, 2865, 49, 4.72%, 173, 240, 5, 2511.29
1638977579, 0, 3017, 3174, 2866, 49, 4.72%, 173, 240, 5, 2602.04
1638977590, 0, 3019, 3174, 2865, 48, 4.72%, 173, 240, 5, 2746.93
1638977610, 0, 3019, 3175, 2866, 48, 4.72%, 173, 240, 5, 2913.36
1638977615, 0, 3021, 3176, 2866, 47, 4.73%, 173, 240, 5, 2635.95
1638977640, 0, 3021, 3177, 2867, 47, 4.73%, 173, 240, 5, 2594.45
1638977646, 0, 3021, 3179, 2869, 47, 4.73%, 173, 240, 5, 2536.97
1638977651, 0, 3021, 3179, 2869, 47, 4.73%, 174, 240, 5, 2529.01
1638977671, 0, 3026, 3180, 2869, 48, 4.73%, 174, 240, 5, 2737.33
1638977686, 0, 3026, 3185, 2874, 48, 4.74%, 174, 240, 5, 2497.64
1638977691, 0, 3026, 3187, 2876, 48, 4.74%, 174, 240, 5, 2615.85
1638977696, 0, 3026, 3188, 2877, 48, 4.74%, 175, 240, 5, 2571.91
1638977742, 0, 3029, 3188, 2876, 50, 4.74%, 175, 240, 5, 2690.96
1638977762, 0, 3029, 3189, 2877, 50, 4.74%, 175, 240, 5, 2788.90
1638977767, 0, 3034, 3189, 2876, 49, 4.74%, 175, 240, 5, 2884.16
1638977788, 0, 3035, 3189, 2875, 48, 4.74%, 175, 240, 5, 2576.66
1638977808, 0, 3036, 3189, 2874, 48, 4.74%, 175, 240, 5, 2536.60
1638977824, 0, 3036, 3190, 2875, 48, 4.74%, 175, 240, 5, 2689.93
1638977829, 0, 3038, 3190, 2874, 47, 4.74%, 175, 240, 5, 2846.70
1638977834, 0, 3038, 3191, 2875, 47, 4.74%, 175, 240, 5, 2930.73
1638977839, 0, 3038, 3192, 2876, 47, 4.74%, 175, 240, 5, 2842.97
1638977844, 0, 3038, 3193, 2877, 47, 4.74%, 175, 240, 5, 2675.20
1638977849, 0, 3039, 3193, 2876, 47, 4.74%, 175, 240, 5, 2607.67
1638977865, 0, 3039, 3194, 2877, 47, 4.74%, 175, 240, 5, 2567.02
1638977875, 0, 3042, 3195, 2877, 46, 4.74%, 175, 240, 5, 2845.78
1638977890, 0, 3042, 3196, 2878, 46, 4.74%, 175, 240, 5, 2680.25
1638977895, 0, 3042, 3197, 2879, 46, 4.74%, 175, 240, 5, 2578.47
1638977901, 0, 3054, 3197, 2878, 46, 4.74%, 175, 240, 5, 2622.35
1638977916, 0, 3064, 3197, 2876, 44, 4.74%, 175, 240, 5, 2741.87
1638977937, 0, 3064, 3199, 2878, 44, 4.74%, 175, 240, 6, 2498.90
1638977942, 0, 3064, 3200, 2879, 44, 4.74%, 175, 240, 6, 2501.88
1638977957, 0, 3064, 3201, 2880, 44, 4.74%, 175, 240, 6, 2524.86
1638977987, 0, 3064, 3202, 2881, 44, 4.74%, 175, 240, 6, 2458.78
1638977992, 0, 3064, 3203, 2882, 44, 4.74%, 175, 240, 6, 2488.10
1638977998, 0, 3066, 3203, 2881, 43, 4.74%, 175, 241, 6, 2567.60
1638978018, 0, 3068, 3203, 2880, 42, 4.74%, 175, 241, 6, 2629.58
1638978023, 0, 3068, 3204, 2881, 42, 4.74%, 175, 241, 6, 2848.73
1638978028, 0, 3068, 3206, 2883, 42, 4.74%, 175, 241, 6, 2808.01
1638978033, 0, 3068, 3207, 2884, 42, 4.74%, 175, 241, 6, 2734.28
1638978048, 0, 3074, 3207, 2883, 43, 4.74%, 175, 241, 6, 2750.53
1638978069, 0, 3074, 3208, 2884, 43, 4.74%, 175, 241, 6, 2509.31
1638978074, 0, 3089, 3208, 2883, 42, 4.74%, 175, 241, 6, 2528.25
1638978094, 0, 3091, 3208, 2882, 41, 4.74%, 175, 241, 6, 2863.65
1638978109, 0, 3092, 3208, 2881, 40, 4.74%, 175, 241, 6, 2906.73
1638978135, 0, 3092, 3208, 2881, 40, 4.74%, 175, 242, 6, 2250.32
1638978140, 0, 3092, 3209, 2882, 40, 4.74%, 175, 242, 6, 2289.12
1638978145, 0, 3095, 3209, 2881, 39, 4.74%, 175, 242, 6, 2149.77
1638978160, 0, 3095, 3210, 2882, 39, 4.74%, 175, 242, 6, 2556.01
1638978170, 0, 3099, 3210, 2881, 37, 4.74%, 175, 242, 6, 2743.67
1638978185, 0, 3105, 3210, 2880, 36, 4.74%, 175, 242, 6, 2746.90
1638978206, 0, 3106, 3210, 2879, 35, 4.74%, 175, 242, 6, 2603.90
1638978221, 0, 3111, 3210, 2878, 34, 4.74%, 175, 242, 6, 2722.89
1638978236, 0, 3114, 3210, 2877, 33, 4.74%, 175, 242, 6, 2832.01
1638978241, 0, 3117, 3210, 2876, 32, 4.74%, 175, 242, 6, 2862.72
1638978251, 0, 3122, 3211, 2876, 32, 4.74%, 175, 242, 6, 2820.65
1638978262, 0, 3122, 3213, 2878, 32, 4.74%, 175, 242, 6, 2913.85
1638978267, 0, 3122, 3214, 2879, 32, 4.74%, 175, 242, 6, 2930.77
1638978277, 0, 3122, 3215, 2880, 32, 4.74%, 175, 243, 6, 2884.36
1638978287, 0, 3122, 3216, 2881, 32, 4.74%, 175, 243, 6, 3268.49
1638978297, 0, 3124, 3216, 2880, 32, 4.74%, 175, 243, 6, 3214.90
1638978302, 0, 3124, 3218, 2882, 32, 4.74%, 175, 243, 6, 3131.23
1638978307, 0, 3124, 3219, 2883, 32, 4.74%, 175, 243, 6, 3090.60
1638978317, 0, 3132, 3219, 2882, 31, 4.74%, 175, 243, 6, 2796.24
1638978348, 0, 3132, 3220, 2883, 31, 4.75%, 175, 244, 6, 2235.66
1638978353, 0, 3138, 3220, 2882, 31, 4.75%, 175, 244, 6, 2526.66
1638978363, 0, 3152, 3221, 2882, 30, 4.75%, 175, 244, 6, 2873.45
1638978373, 0, 3152, 3222, 2883, 30, 4.75%, 175, 244, 6, 2727.37
1638978379, 0, 3153, 3222, 2882, 29, 4.75%, 175, 244, 6, 2832.66
1638978389, 0, 3153, 3223, 2883, 29, 4.75%, 175, 244, 6, 2742.10
1638978394, 0, 3155, 3223, 2882, 28, 4.75%, 175, 244, 6, 2525.56
1638978404, 0, 3156, 3225, 2883, 27, 4.75%, 175, 244, 6, 2670.37
1638978414, 0, 3156, 3229, 2887, 27, 4.75%, 175, 244, 6, 2555.07
1638978439, 0, 3158, 3229, 2886, 26, 4.75%, 175, 244, 6, 2675.95
1638978450, 0, 3158, 3230, 2887, 26, 4.75%, 175, 244, 6, 2894.58
