# relative_time, cycles_done, cur_path, paths_total, pending_total, pending_favs, map_size, unique_crashes, unique_hangs, max_depth, execs_per_sec, total_execs, edges_found
62, 0, 82, 593, 585, 133, 6.24%, 20, 6, 3, 72.82, 74224, 4090
67, 0, 82, 602, 594, 133, 6.31%, 21, 6, 3, 1521.10, 81877, 4134
72, 0, 82, 608, 600, 133, 6.32%, 21, 6, 3, 1472.83, 89198, 4145
77, 0, 584, 615, 606, 137, 6.33%, 21, 6, 4, 1148.68, 94740, 4147
82, 0, 584, 639, 630, 137, 6.38%, 21, 7, 4, 1087.53, 99377, 4180
87, 0, 584, 648, 639, 137, 6.39%, 21, 7, 4, 1082.65, 104804, 4187
92, 0, 584, 658, 649, 137, 6.39%, 21, 9, 4, 166.67, 109324, 4187
98, 0, 584, 660, 651, 137, 6.39%, 21, 11, 4, 106.38, 113228, 4187
103, 0, 584, 664, 655, 137, 6.39%, 21, 11, 4, 1285.97, 119765, 4187
108, 0, 584, 668, 659, 137, 6.39%, 21, 11, 4, 1144.02, 125199, 4187
113, 0, 584, 700, 691, 137, 6.42%, 21, 11, 4, 1099.65, 130889, 4207
118, 0, 393, 722, 711, 139, 6.45%, 23, 11, 4, 1199.35, 137138, 4227
123, 0, 393, 737, 726, 139, 6.47%, 23, 11, 4, 1261.27, 143564, 4238
128, 0, 393, 742, 731, 139, 6.50%, 24, 11, 4, 1185.76, 149150, 4262
133, 0, 393, 750, 739, 139, 6.59%, 25, 11, 4, 1362.19, 156032, 4320
138, 0, 737, 764, 752, 152, 6.60%, 26, 11, 4, 1247.54, 162363, 4328
143, 0, 737, 769, 757, 152, 6.61%, 27, 11, 4, 1177.30, 168280, 4330
149, 0, 737, 774, 762, 152, 6.66%, 28, 12, 4, 138.30, 174492, 4367
154, 0, 737, 778, 766, 152, 6.68%, 28, 12, 4, 1164.08, 180290, 4377
159, 0, 737, 781, 769, 152, 6.68%, 29, 12, 4, 1177.65, 186294, 4378
164, 0, 737, 787, 775, 152, 6.69%, 29, 12, 4, 1193.67, 192315, 4386
170, 0, 736, 802, 788, 161, 6.73%, 29, 12, 4, 1135.25, 197942, 4413
175, 0, 736, 810, 796, 161, 6.76%, 29, 12, 4, 1131.00, 203638, 4428
180, 0, 736, 816, 802, 161, 6.77%, 29, 12, 4, 1107.78, 209305, 4438
185, 0, 736, 817, 803, 161, 6.77%, 29, 12, 4, 1122.94, 214914, 4438
190, 0, 736, 821, 807, 161, 6.78%, 30, 12, 4, 1107.51, 220358, 4443
195, 0, 736, 828, 814, 161, 6.79%, 30, 12, 4, 1309.47, 226661, 4448
200, 0, 715, 866, 848, 177, 6.82%, 32, 13, 4, 1544.98, 232743, 4472
205, 0, 543, 892, 870, 177, 6.83%, 33, 13, 4, 1548.46, 240577, 4475
210, 0, 543, 911, 889, 177, 6.84%, 33, 13, 4, 1432.27, 247833, 4482
215, 0, 739, 927, 903, 176, 6.86%, 35, 13, 4, 1507.33, 255368, 4494
220, 0, 739, 936, 912, 176, 6.88%, 37, 13, 4, 1495.13, 262855, 4509
225, 0, 739, 939, 915, 176, 6.88%, 38, 13, 4, 1464.08, 270245, 4509
230, 0, 940, 957, 932, 182, 6.89%, 39, 13, 5, 1340.12, 277102, 4515
235, 0, 940, 967, 942, 182, 6.96%, 41, 13, 5, 1211.31, 282952, 4562
240, 0, 940, 970, 945, 182, 6.96%, 41, 13, 5, 1122.64, 288806, 4563
246, 0, 940, 977, 952, 182, 6.97%, 41, 13, 5, 1313.15, 296112, 4567
251, 0, 788, 995, 969, 185, 6.98%, 41, 13, 5, 1433.34, 302842, 4573
256, 0, 788, 1007, 981, 185, 6.98%, 41, 13, 5, 1616.08, 311442, 4577
261, 0, 788, 1013, 987, 185, 6.99%, 41, 13, 5, 1660.92, 319753, 4578
266, 0, 788, 1021, 995, 185, 6.99%, 41, 13, 5, 1347.89, 326198, 4580
271, 0, 122, 1025, 998, 194, 6.99%, 41, 13, 5, 1393.62, 333609, 4581
276, 0, 417, 1044, 1015, 198, 7.07%, 44, 13, 5, 1242.58, 339938, 4631
281, 0, 774, 1051, 1020, 196, 7.07%, 44, 13, 5, 1523.24, 347883, 4632
286, 0, 774, 1057, 1026, 196, 7.07%, 44, 13, 5, 1575.43, 356121, 4635
292, 0, 774, 1058, 1027, 196, 7.07%, 44, 13, 5, 1541.56, 363629, 4635
297, 0, 774, 1058, 1027, 196, 7.07%, 44, 13, 5, 1438.56, 370771, 4635
302, 0, 939, 1066, 1033, 199, 7.09%, 45, 13, 5, 1392.28, 377764, 4648
307, 0, 939, 1070, 1037, 199, 7.10%, 47, 13, 5, 1454.94, 385079, 4650
312, 0, 939, 1072, 1039, 199, 7.10%, 47, 13, 5, 1270.62, 391059, 4650
317, 0, 939, 1073, 1040, 199, 7.10%, 47, 14, 5, 1237.38, 395993, 4650
322, 0, 939, 1075, 1042, 199, 7.10%, 48, 14, 5, 1225.89, 401954, 4653
327, 0, 813, 1075, 1041, 205, 7.10%, 50, 14, 5, 1456.11, 409358, 4653
335, 0, 517, 1093, 1058, 205, 7.11%, 50, 17, 5, 70.17, 415672, 4659
340, 0, 790, 1112, 1075, 203, 7.11%, 50, 17, 5, 1166.96, 421187, 4659
345, 0, 741, 1120, 1077, 198, 7.12%, 51, 17, 5, 1246.28, 427787, 4665
350, 0, 893, 1141, 1095, 195, 7.12%, 51, 17, 5, 1244.75, 434273, 4666
355, 0, 510, 1153, 1105, 195, 7.12%, 51, 17, 5, 1182.92, 440113, 4666
361, 0, 843, 1163, 1114, 194, 7.12%, 52, 18, 5, 1410.76, 445423, 4668
366, 0, 238, 1170, 1119, 193, 7.13%, 52, 18, 5, 1387.92, 452378, 4673
371, 0, 238, 1174, 1123, 193, 7.14%, 52, 18, 5, 1447.60, 460021, 4676
376, 0, 238, 1175, 1124, 193, 7.14%, 52, 18, 5, 1466.89, 467511, 4677
381, 0, 238, 1175, 1124, 193, 7.14%, 52, 18, 5, 1221.29, 473481, 4677
386, 0, 238, 1175, 1124, 193, 7.14%, 52, 18, 5, 1143.15, 479229, 4677
391, 0, 770, 1191, 1135, 197, 7.14%, 52, 18, 5, 1250.19, 485514, 4681
396, 0, 770, 1198, 1142, 197, 7.15%, 52, 18, 5, 1359.33, 492761, 4687
401, 0, 770, 1199, 1143, 197, 7.15%, 52, 18, 5, 1330.83, 499412, 4687
406, 0, 770, 1202, 1146, 197, 7.17%, 52, 18, 5, 1474.44, 507073, 4697
411, 0, 770, 1204, 1148, 197, 7.17%, 52, 18, 5, 1558.31, 515003, 4697
417, 0, 749, 1211, 1152, 196, 7.17%, 52, 19, 5, 1046.88, 520755, 4698
422, 0, 631, 1231, 1170, 194, 7.17%, 52, 19, 5, 1473.08, 528463, 4699
427, 0, 599, 1253, 1189, 192, 7.18%, 52, 19, 6, 1170.34, 534181, 4704
432, 0, 254, 1266, 1201, 191, 7.18%, 53, 19, 6, 972.61, 538780, 4704
437, 0, 950, 1276, 1209, 189, 7.18%, 53, 20, 6, 1507.65, 543254, 4708
442, 0, 950, 1290, 1223, 189, 7.19%, 53, 21, 6, 1113.02, 547691, 4709
447, 0, 588, 1295, 1226, 189, 7.20%, 53, 22, 6, 1083.01, 552246, 4717
452, 0, 1031, 1299, 1226, 186, 7.20%, 54, 22, 6, 1216.46, 558521, 4718
457, 0, 1201, 1306, 1232, 185, 7.21%, 54, 22, 6, 1254.58, 564823, 4724
463, 0, 1201, 1306, 1232, 185, 7.21%, 54, 22, 6, 1246.30, 571251, 4724
468, 0, 1201, 1307, 1233, 185, 7.21%, 54, 22, 6, 1240.03, 577609, 4724
473, 0, 1201, 1310, 1236, 185, 7.21%, 54, 22, 6, 1283.19, 584289, 4725
478, 0, 1201, 1310, 1236, 185, 7.21%, 54, 22, 6, 1297.43, 590919, 4725
483, 0, 1201, 1321, 1247, 185, 7.21%, 54, 23, 6, 1220.09, 596296, 4726
488, 0, 1266, 1328, 1246, 180, 7.21%, 57, 23, 7, 1225.97, 602486, 4726
493, 0, 1266, 1334, 1252, 180, 7.21%, 57, 23, 7, 1196.44, 608737, 4726
498, 0, 1266, 1340, 1258, 180, 7.21%, 57, 23, 7, 1207.51, 615014, 4726
503, 0, 1066, 1345, 1262, 182, 7.21%, 58, 23, 7, 1245.70, 621471, 4726
509, 0, 1074, 1354, 1270, 182, 7.21%, 59, 23, 7, 1191.21, 627550, 4728
514, 0, 1074, 1356, 1272, 182, 7.22%, 59, 24, 7, 1058.66, 631689, 4730
519, 0, 1074, 1357, 1273, 182, 7.22%, 60, 24, 7, 1143.23, 637649, 4730
524, 0, 1074, 1357, 1273, 182, 7.22%, 60, 26, 7, 1100.00, 640706, 4730
529, 0, 1074, 1357, 1273, 182, 7.22%, 60, 28, 7, 1385.00, 644218, 4730
534, 0, 1074, 1357, 1273, 182, 7.22%, 60, 28, 7, 1244.15, 650221, 4730
540, 0, 1074, 1357, 1273, 182, 7.22%, 60, 29, 7, 18.93, 655836, 4730
546, 0, 838, 1369, 1281, 187, 7.24%, 61, 29, 7, 1259.88, 662660, 4742
551, 0, 838, 1370, 1282, 187, 7.24%, 62, 29, 7, 1435.71, 669851, 4742
556, 0, 838, 1373, 1285, 187, 7.24%, 62, 29, 7, 1284.49, 676417, 4742
561, 0, 838, 1374, 1286, 187, 7.24%, 62, 29, 7, 1195.59, 682578, 4742
566, 0, 838, 1375, 1287, 187, 7.24%, 62, 29, 7, 1248.66, 688958, 4742
571, 0, 1240, 1377, 1287, 187, 7.25%, 63, 29, 7, 1205.30, 695188, 4754
577, 0, 1033, 1382, 1290, 185, 7.25%, 63, 30, 7, 122.79, 700716, 4754
583, 0, 535, 1388, 1291, 180, 7.25%, 63, 32, 7, 1019.68, 704618, 4754
588, 0, 1170, 1397, 1296, 176, 7.25%, 63, 32, 7, 1210.34, 711127, 4754
593, 0, 1170, 1401, 1300, 176, 7.25%, 63, 32, 7, 1263.66, 717504, 4754
598, 0, 1170, 1404, 1303, 176, 7.25%, 63, 32, 7, 1319.15, 724083, 4754
603, 0, 1170, 1408, 1307, 176, 7.26%, 63, 32, 7, 1381.40, 731117, 4755
608, 0, 1039, 1423, 1317, 177, 7.26%, 63, 32, 7, 1326.02, 737697, 4760
614, 0, 1354, 1432, 1325, 178, 7.27%, 64, 33, 7, 148.15, 743593, 4762
619, 0, 1354, 1435, 1328, 178, 7.27%, 64, 35, 7, 525.00, 745786, 4765
625, 0, 1354, 1437, 1330, 178, 7.28%, 65, 38, 7, 774.38, 747808, 4768
630, 0, 1354, 1438, 1331, 178, 7.28%, 65, 39, 7, 754.26, 750590, 4768
636, 0, 1354, 1440, 1333, 178, 7.28%, 65, 41, 7, 18.53, 752843, 4768
641, 0, 1354, 1440, 1333, 178, 7.28%, 65, 42, 7, 1055.64, 756231, 4768
646, 0, 1354, 1443, 1336, 178, 7.28%, 66, 42, 7, 871.11, 760287, 4774
652, 0, 1354, 1443, 1336, 178, 7.28%, 66, 44, 7, 36.17, 762067, 4774
657, 0, 1354, 1444, 1337, 178, 7.29%, 66, 45, 7, 739.05, 764379, 4775
662, 0, 1354, 1445, 1338, 178, 7.29%, 67, 45, 7, 723.17, 767831, 4775
667, 0, 1042, 1450, 1341, 178, 7.29%, 67, 46, 7, 962.39, 772092, 4775
672, 0, 1028, 1455, 1344, 176, 7.29%, 68, 46, 8, 1246.16, 778859, 4775
677, 0, 219, 1459, 1343, 171, 7.29%, 69, 47, 8, 1329.21, 783162, 4775
682, 0, 949, 1463, 1341, 164, 7.29%, 71, 47, 8, 1249.94, 789309, 4776
688, 0, 1207, 1467, 1339, 159, 7.29%, 71, 47, 8, 1348.56, 796150, 4776
693, 0, 1316, 1472, 1341, 156, 7.29%, 71, 47, 8, 1480.71, 803669, 4776
698, 0, 1441, 1492, 1360, 155, 7.29%, 71, 49, 8, 75.56, 807701, 4776
703, 0, 1423, 1496, 1361, 152, 7.29%, 71, 49, 8, 1253.55, 814031, 4777
708, 0, 823, 1501, 1365, 154, 7.29%, 73, 49, 8, 1128.45, 819678, 4779
713, 0, 1267, 1503, 1361, 149, 7.29%, 73, 49, 8, 1272.30, 826083, 4779
718, 0, 862, 1507, 1359, 143, 7.29%, 76, 49, 8, 1247.72, 832580, 4779
724, 0, 1401, 1517, 1368, 141, 7.29%, 76, 49, 8, 1307.72, 839757, 4779
729, 0, 1401, 1519, 1370, 141, 7.29%, 76, 49, 8, 1078.42, 845026, 4779
734, 0, 1401, 1520, 1371, 141, 7.30%, 76, 49, 8, 1170.05, 851196, 4782
739, 0, 1401, 1521, 1372, 141, 7.30%, 76, 49, 8, 921.44, 855899, 4782
744, 0, 842, 1522, 1371, 140, 7.30%, 77, 49, 8, 1174.81, 861875, 4782
749, 0, 1379, 1532, 1380, 139, 7.30%, 77, 49, 8, 1202.04, 868138, 4782
754, 0, 1379, 1537, 1385, 139, 7.30%, 77, 49, 8, 1122.95, 873779, 4782
760, 0, 1379, 1540, 1388, 139, 7.30%, 77, 49, 8, 1124.68, 879413, 4782
765, 0, 1379, 1542, 1390, 139, 7.30%, 77, 49, 8, 1203.90, 885711, 4782
770, 0, 1379, 1542, 1390, 139, 7.30%, 78, 49, 8, 1245.59, 892263, 4782
775, 0, 1199, 1543, 1390, 138, 7.30%, 78, 49, 8, 1301.27, 899043, 4782
780, 0, 1293, 1552, 1396, 134, 7.30%, 78, 49, 8, 1193.94, 905032, 4782
785, 0, 1293, 1554, 1398, 134, 7.30%, 78, 50, 8, 950.00, 909655, 4787
790, 0, 1293, 1554, 1398, 134, 7.30%, 78, 50, 8, 1126.59, 915533, 4787
795, 0, 1293, 1555, 1399, 134, 7.31%, 78, 50, 8, 834.44, 919497, 4790
800, 0, 1293, 1555, 1399, 134, 7.31%, 78, 50, 8, 1389.28, 927272, 4790
805, 0, 1293, 1555, 1399, 134, 7.31%, 78, 50, 8, 1497.30, 934893, 4790
811, 0, 768, 1561, 1403, 135, 7.31%, 78, 52, 8, 1778.16, 939806, 4790
816, 0, 1544, 1567, 1407, 134, 7.31%, 78, 52, 8, 1694.26, 948624, 4791
821, 0, 1544, 1570, 1410, 134, 7.31%, 78, 52, 8, 1669.05, 956931, 4791
826, 0, 1544, 1571, 1411, 134, 7.31%, 78, 52, 8, 1666.96, 965156, 4791
831, 0, 1544, 1571, 1411, 134, 7.31%, 78, 53, 8, 1674.60, 972087, 4791
836, 0, 1439, 1571, 1409, 133, 7.31%, 78, 54, 8, 1333.40, 978307, 4791
841, 0, 1182, 1585, 1421, 131, 7.31%, 78, 54, 8, 213.11, 985536, 4791
846, 0, 47, 1592, 1422, 126, 7.31%, 78, 54, 8, 1865.72, 994752, 4791
851, 0, 1309, 1598, 1425, 123, 7.31%, 78, 54, 8, 1861.79, 1004292, 4791
856, 0, 1309, 1601, 1428, 123, 7.31%, 78, 54, 8, 1854.77, 1013605, 4791
862, 0, 1309, 1601, 1428, 123, 7.31%, 78, 54, 8, 1855.33, 1023001, 4791
867, 0, 126, 1601, 1426, 122, 7.31%, 78, 54, 8, 1849.35, 1032639, 4791
872, 0, 800, 1602, 1420, 115, 7.31%, 78, 55, 8, 196.63, 1039515, 4791
877, 0, 1436, 1606, 1421, 112, 7.31%, 78, 56, 8, 180.11, 1043348, 4791
882, 0, 1436, 1606, 1421, 112, 7.31%, 79, 56, 8, 475.23, 1044071, 4791
887, 0, 1436, 1606, 1421, 112, 7.31%, 79, 56, 8, 268.96, 1044934, 4791
893, 0, 1436, 1607, 1422, 112, 7.31%, 79, 56, 8, 224.56, 1045848, 4791
898, 0, 1436, 1607, 1422, 112, 7.31%, 79, 56, 8, 85.54, 1046599, 4791
903, 0, 1436, 1607, 1422, 112, 7.31%, 79, 56, 8, 281.25, 1047322, 4791
908, 0, 1436, 1608, 1423, 112, 7.31%, 79, 57, 8, 97.05, 1047838, 4791
913, 0, 1436, 1608, 1423, 112, 7.31%, 79, 58, 8, 34.31, 1048426, 4791
919, 0, 1436, 1608, 1423, 112, 7.31%, 79, 59, 8, 22.11, 1049298, 4791
924, 0, 1436, 1608, 1423, 112, 7.31%, 79, 59, 8, 219.50, 1050015, 4791
929, 0, 1436, 1609, 1424, 112, 7.31%, 79, 59, 8, 72.60, 1050814, 4791
935, 0, 1436, 1609, 1424, 112, 7.31%, 79, 59, 8, 147.26, 1051733, 4791
940, 0, 1436, 1609, 1424, 112, 7.31%, 79, 59, 8, 151.88, 1052378, 4791
945, 0, 1436, 1609, 1424, 112, 7.31%, 79, 59, 8, 155.21, 1053209, 4791
950, 0, 1436, 1609, 1424, 112, 7.31%, 79, 59, 8, 205.47, 1053783, 4791
955, 0, 1436, 1609, 1424, 112, 7.31%, 79, 60, 8, 124.24, 1054490, 4791
961, 0, 1436, 1609, 1424, 112, 7.31%, 79, 60, 8, 100.55, 1054997, 4791
966, 0, 1436, 1609, 1424, 112, 7.31%, 79, 60, 8, 223.92, 1055724, 4791
971, 0, 1436, 1611, 1426, 112, 7.31%, 79, 60, 8, 134.34, 1056330, 4791
976, 0, 1436, 1612, 1427, 112, 7.31%, 79, 60, 8, 155.47, 1057072, 4791
981, 0, 1436, 1613, 1428, 112, 7.31%, 79, 60, 8, 326.53, 1058084, 4791
986, 0, 1436, 1613, 1428, 112, 7.31%, 79, 60, 8, 341.01, 1058900, 4791
991, 0, 1436, 1613, 1428, 112, 7.31%, 79, 61, 8, 82.69, 1059454, 4791
996, 0, 1436, 1613, 1428, 112, 7.31%, 79, 61, 8, 127.40, 1060211, 4791
1001, 0, 1436, 1613, 1428, 112, 7.31%, 79, 61, 8, 142.82, 1060895, 4791
1007, 0, 1436, 1613, 1428, 112, 7.31%, 79, 61, 8, 153.43, 1061529, 4791
1012, 0, 1436, 1613, 1428, 112, 7.31%, 79, 61, 8, 201.35, 1062501, 4791
1017, 0, 1436, 1613, 1428, 112, 7.31%, 79, 61, 8, 187.54, 1063494, 4791
1022, 0, 1436, 1613, 1428, 112, 7.31%, 79, 61, 8, 160.10, 1064346, 4791
1028, 0, 1436, 1613, 1428, 112, 7.31%, 79, 62, 8, 194.78, 1064950, 4791
1033, 0, 1436, 1613, 1428, 112, 7.31%, 79, 62, 8, 125.08, 1065734, 4791
1038, 0, 1436, 1613, 1428, 112, 7.31%, 79, 62, 8, 146.89, 1066336, 4791
1043, 0, 1436, 1613, 1428, 112, 7.31%, 79, 62, 8, 110.29, 1067184, 4791
1048, 0, 1554, 1614, 1426, 109, 7.31%, 79, 62, 8, 2099.07, 1071294, 4791
1053, 0, 851, 1614, 1425, 108, 7.31%, 79, 64, 8, 888.99, 1073061, 4791
1058, 0, 1061, 1627, 1433, 104, 7.31%, 79, 64, 8, 2094.20, 1083346, 4791
1063, 0, 171, 1634, 1435, 98, 7.31%, 80, 64, 8, 2054.11, 1093996, 4791
1069, 0, 1621, 1641, 1434, 89, 7.31%, 80, 64, 9, 2249.30, 1106027, 4791
1074, 0, 1621, 1641, 1434, 89, 7.31%, 80, 64, 9, 1935.41, 1116096, 4791
1080, 0, 1411, 1642, 1434, 88, 7.31%, 81, 65, 9, 107.86, 1123359, 4791
1085, 0, 1055, 1645, 1433, 84, 7.31%, 81, 65, 9, 1344.85, 1130108, 4791
1090, 0, 422, 1646, 1431, 81, 7.31%, 81, 65, 9, 1798.55, 1134895, 4791
1095, 0, 938, 1651, 1430, 76, 7.31%, 82, 65, 9, 2023.91, 1144965, 4792
1100, 0, 629, 1661, 1437, 75, 7.31%, 82, 66, 9, 2018.59, 1153151, 4793
1105, 0, 1648, 1671, 1443, 71, 7.33%, 85, 66, 9, 1598.34, 1161423, 4802
1110, 0, 526, 1676, 1441, 68, 7.33%, 86, 66, 9, 1811.39, 1170335, 4803
1116, 0, 1052, 1681, 1440, 62, 7.33%, 87, 66, 9, 1778.79, 1179297, 4803
1121, 0, 1460, 1686, 1442, 59, 7.33%, 87, 66, 9, 1244.37, 1184038, 4805
1126, 0, 1634, 1690, 1442, 56, 7.33%, 87, 66, 9, 1803.65, 1194145, 4806
1131, 0, 1361, 1697, 1444, 51, 7.33%, 87, 66, 9, 1793.89, 1202655, 4806
1136, 0, 1644, 1703, 1445, 47, 7.33%, 88, 66, 9, 1821.43, 1211491, 4806
1141, 0, 1644, 1711, 1453, 47, 7.33%, 88, 66, 9, 1872.18, 1220949, 4806
1146, 0, 1644, 1711, 1453, 47, 7.33%, 88, 66, 9, 1908.70, 1230888, 4806
1151, 0, 1376, 1720, 1461, 48, 7.38%, 88, 66, 9, 2150.40, 1242067, 4839
1156, 0, 1376, 1721, 1462, 48, 7.38%, 88, 66, 9, 2223.59, 1253559, 4839
1161, 0, 1376, 1724, 1465, 48, 7.38%, 88, 66, 9, 2246.75, 1264627, 4839
1166, 0, 1717, 1732, 1471, 50, 7.38%, 88, 66, 9, 2193.62, 1275947, 4839
1171, 0, 1412, 1740, 1475, 48, 7.38%, 90, 67, 9, 2333.00, 1283830, 4839
1177, 0, 1519, 1746, 1479, 47, 7.39%, 90, 68, 9, 33.47, 1291250, 4840
1182, 0, 1664, 1751, 1481, 42, 7.39%, 92, 68, 10, 2007.69, 1301818, 4841
1187, 0, 1664, 1755, 1485, 42, 7.39%, 92, 69, 10, 96.70, 1308070, 4842
1193, 0, 1664, 1759, 1489, 42, 7.40%, 92, 70, 10, 1660.15, 1314836, 4852
1198, 0, 1664, 1762, 1492, 42, 7.42%, 93, 70, 10, 1518.92, 1322805, 4862
1203, 0, 1761, 1790, 1519, 42, 7.42%, 104, 70, 11, 1838.42, 1332880, 4866
1208, 0, 1761, 1795, 1524, 42, 7.42%, 106, 70, 11, 1752.33, 1341832, 4866
1213, 0, 1761, 1798, 1527, 42, 7.42%, 108, 71, 11, 1721.54, 1348987, 4866
1218, 0, 1679, 1818, 1546, 43, 7.42%, 109, 71, 11, 1688.75, 1357323, 4866
1223, 0, 1679, 1822, 1550, 43, 7.42%, 109, 71, 11, 2114.18, 1368836, 4866
1228, 0, 1679, 1823, 1551, 43, 7.42%, 109, 71, 11, 2204.59, 1380100, 4866
1233, 0, 1760, 1826, 1553, 43, 7.42%, 111, 71, 11, 2117.52, 1390701, 4866
1238, 0, 1760, 1828, 1555, 43, 7.42%, 111, 71, 11, 2315.82, 1402657, 4866
1243, 0, 1441, 1830, 1555, 42, 7.43%, 112, 71, 11, 2213.42, 1413985, 4869
1248, 0, 1441, 1835, 1560, 42, 7.43%, 113, 72, 11, 2337.05, 1422156, 4869
1254, 0, 1441, 1836, 1561, 42, 7.43%, 113, 72, 11, 2059.86, 1432213, 4869
1259, 0, 1441, 1838, 1563, 42, 7.43%, 113, 72, 11, 2163.35, 1442915, 4869
1264, 0, 1272, 1841, 1565, 45, 7.44%, 113, 72, 11, 1907.30, 1453076, 4876
1269, 0, 1828, 1846, 1569, 45, 7.44%, 113, 72, 11, 1875.44, 1462914, 4877
1274, 0, 1828, 1847, 1570, 45, 7.44%, 113, 72, 11, 1843.11, 1472146, 4877
1279, 0, 1166, 1848, 1570, 45, 7.44%, 113, 72, 11, 2022.19, 1475223, 4877
1284, 0, 961, 1854, 1571, 42, 7.44%, 115, 72, 11, 2257.37, 1486876, 4879
1289, 0, 1758, 1860, 1575, 40, 7.45%, 117, 72, 11, 2220.66, 1498242, 4882
1294, 0, 1758, 1864, 1579, 40, 7.45%, 117, 72, 11, 2133.45, 1508750, 4883
1299, 0, 1861, 1864, 1578, 42, 7.45%, 120, 72, 11, 2094.63, 1519188, 4883
1304, 0, 1848, 1873, 1584, 39, 7.45%, 121, 74, 11, 2183.29, 1525018, 4883
1309, 0, 1719, 1879, 1589, 38, 7.46%, 121, 74, 11, 2054.36, 1535810, 4886
1315, 0, 1719, 1881, 1591, 38, 7.46%, 121, 74, 11, 2248.56, 1547862, 4886
1320, 0, 1496, 1884, 1591, 37, 7.46%, 121, 75, 11, 2211.27, 1557283, 4886
1325, 0, 1879, 1889, 1591, 34, 7.46%, 122, 75, 11, 2368.58, 1569719, 4886
1330, 0, 1879, 1890, 1592, 34, 7.46%, 122, 75, 11, 2417.94, 1581896, 4886
1335, 0, 1835, 1904, 1602, 30, 7.46%, 123, 75, 11, 2407.46, 1594147, 4886
1340, 0, 825, 1908, 1603, 27, 7.46%, 123, 75, 11, 2366.00, 1606268, 4886
1345, 0, 1821, 1919, 1611, 27, 7.46%, 123, 75, 12, 2321.40, 1617850, 4886
1350, 0, 1821, 1923, 1615, 27, 7.46%, 123, 75, 12, 2329.99, 1629520, 4886
1357, 0, 1821, 1925, 1617, 27, 7.46%, 123, 79, 12, 2.51, 1632531, 4886
1362, 0, 1858, 1930, 1619, 25, 7.46%, 124, 79, 13, 2172.47, 1641028, 4886
1367, 0, 1062, 1933, 1617, 21, 7.46%, 125, 80, 13, 262.16, 1650314, 4886
1372, 0, 1778, 1936, 1617, 19, 7.46%, 126, 80, 13, 2077.73, 1660833, 4886
1378, 0, 1671, 1936, 1612, 15, 7.46%, 126, 80, 13, 2283.22, 1673027, 4886
1383, 0, 1824, 1939, 1613, 14, 7.46%, 126, 80, 13, 2312.25, 1684855, 4886
1388, 0, 939, 1942, 1615, 15, 7.46%, 126, 80, 13, 2391.11, 1696997, 4887
1393, 0, 1857, 1948, 1619, 14, 7.46%, 128, 80, 13, 2235.46, 1708193, 4889
1398, 0, 1857, 1950, 1621, 14, 7.46%, 128, 80, 13, 2165.10, 1719072, 4889
1403, 0, 1857, 1951, 1622, 14, 7.46%, 128, 80, 13, 25.54, 1727332, 4889
1408, 0, 1403, 1951, 1619, 15, 7.46%, 128, 80, 13, 1631.31, 1735152, 4889
1413, 0, 1950, 1955, 1622, 15, 7.46%, 130, 80, 13, 2012.93, 1746244, 4889
1419, 0, 749, 1955, 1618, 11, 7.46%, 132, 80, 13, 2238.88, 1757478, 4889
1424, 0, 1875, 1962, 1622, 9, 7.46%, 132, 80, 13, 2329.15, 1769663, 4889
1429, 0, 1927, 1967, 1627, 11, 7.47%, 132, 80, 13, 2187.12, 1780216, 4894
1434, 0, 1963, 1971, 1630, 11, 7.47%, 132, 80, 13, 2009.68, 1790207, 4895
1440, 0, 1964, 1971, 1627, 8, 7.47%, 132, 81, 13, 6.04, 1797647, 4895
1445, 0, 1791, 1976, 1630, 7, 7.47%, 132, 81, 13, 2352.76, 1806235, 4895
1450, 0, 1791, 1981, 1635, 7, 7.47%, 135, 82, 13, 2287.16, 1814707, 4895
1455, 0, 1791, 1982, 1636, 7, 7.47%, 135, 82, 13, 2276.26, 1826190, 4895
1460, 0, 1968, 1984, 1634, 6, 7.47%, 135, 82, 13, 2205.13, 1837558, 4897
1465, 0, 1985, 1989, 1633, 6, 7.48%, 135, 82, 14, 2181.95, 1848989, 4900
1471, 0, 1985, 1992, 1636, 6, 7.48%, 135, 82, 14, 1715.02, 1857194, 4900
1476, 0, 1985, 1992, 1636, 6, 7.48%, 135, 82, 14, 1803.82, 1865986, 4900
1481, 0, 1942, 1993, 1636, 6, 7.48%, 135, 82, 14, 1843.33, 1874959, 4900
1486, 0, 1983, 1993, 1634, 4, 7.48%, 135, 83, 14, 2041.93, 1882245, 4900
1491, 0, 1716, 1994, 1631, 3, 7.48%, 135, 83, 14, 2129.68, 1892641, 4900
1496, 0, 1716, 1994, 1631, 3, 7.48%, 135, 84, 14, 98.74, 1900285, 4900
1502, 0, 1987, 1994, 1630, 3, 7.48%, 135, 85, 14, 201.39, 1907731, 4900
1507, 0, 165, 2000, 1635, 2, 7.48%, 135, 87, 15, 1709.72, 1913303, 4900
1512, 0, 839, 2003, 1636, 3, 7.48%, 135, 87, 15, 2257.51, 1925714, 4900
1518, 0, 1963, 2006, 1638, 2, 7.48%, 135, 87, 15, 1988.17, 1935547, 4900
1523, 0, 1761, 2010, 1642, 2, 7.48%, 135, 87, 15, 2056.82, 1946229, 4900
1528, 0, 1909, 2013, 1643, 1, 7.48%, 135, 87, 15, 1964.32, 1956040, 4900
1533, 0, 1909, 2013, 1643, 1, 7.48%, 135, 89, 15, 14.55, 1960350, 4900
1538, 0, 1717, 2015, 1645, 1, 7.48%, 136, 90, 15, 1601.34, 1964095, 4900
1543, 0, 1821, 2015, 1644, 1, 7.48%, 136, 90, 15, 1866.69, 1973352, 4900
1548, 0, 1835, 2019, 1648, 1, 7.48%, 137, 90, 15, 2084.72, 1983726, 4900
9135, 0, 1835, 2021, 1650, 1, 7.48%, 137, 90, 15, 0.01, 1990819, 4900
9140, 0, 1835, 2025, 1654, 1, 7.48%, 137, 90, 15, 436.87, 1993028, 4900
9145, 0, 1835, 2025, 1654, 1, 7.48%, 137, 90, 15, 597.12, 1995916, 4900
9151, 0, 1842, 2031, 1659, 1, 7.48%, 138, 90, 15, 1093.63, 2002606, 4900
9156, 0, 1361, 2032, 1658, 1, 7.48%, 139, 90, 15, 1317.48, 2009987, 4900
9161, 0, 162, 2033, 1658, 1, 7.48%, 139, 90, 15, 1948.86, 2020416, 4900
9166, 0, 1717, 2034, 1656, 0, 7.48%, 140, 90, 15, 1813.44, 2029838, 4900
9171, 0, 940, 2034, 1656, 0, 7.48%, 140, 90, 15, 1877.74, 2036572, 4900
9176, 0, 1776, 2040, 1662, 0, 7.48%, 140, 91, 15, 2138.65, 2044049, 4900
9181, 0, 1216, 2042, 1664, 0, 7.48%, 140, 91, 15, 2156.79, 2054834, 4900
9186, 0, 1717, 2043, 1665, 0, 7.48%, 141, 91, 15, 555.00, 2062316, 4900
9191, 0, 1497, 2044, 1666, 0, 7.48%, 142, 91, 15, 1797.36, 2072358, 4901
9197, 0, 1520, 2050, 1670, 1, 7.48%, 142, 91, 15, 1699.24, 2081303, 4901
9202, 0, 542, 2052, 1670, 0, 7.48%, 142, 91, 15, 1765.23, 2090265, 4901
9207, 0, 1927, 2053, 1671, 0, 7.48%, 142, 91, 15, 1922.89, 2100280, 4901
9212, 0, 1443, 2054, 1672, 0, 7.48%, 142, 91, 15, 1992.72, 2110323, 4901
9217, 0, 1353, 2055, 1672, 0, 7.48%, 143, 91, 15, 2030.69, 2121183, 4901
9222, 0, 311, 2055, 1672, 0, 7.48%, 143, 91, 15, 1670.75, 2128698, 4901
9227, 0, 1560, 2056, 1673, 0, 7.48%, 143, 91, 15, 1645.92, 2137193, 4901
9232, 0, 740, 2057, 1674, 0, 7.48%, 143, 91, 15, 1443.59, 2144052, 4901
9237, 0, 1560, 2058, 1674, 0, 7.48%, 143, 91, 15, 1208.88, 2149638, 4901
9242, 0, 1174, 2059, 1675, 0, 7.48%, 143, 91, 15, 1342.86, 2156579, 4901
9248, 0, 688, 2061, 1677, 0, 7.48%, 144, 91, 15, 1032.16, 2161498, 4901
9253, 0, 1717, 2061, 1677, 0, 7.48%, 144, 91, 15, 1232.07, 2167680, 4901
9258, 0, 1604, 2063, 1679, 0, 7.48%, 144, 91, 15, 92.29, 2173626, 4901
9263, 0, 1604, 2063, 1679, 0, 7.48%, 144, 91, 15, 125.77, 2174305, 4901
9268, 0, 1604, 2063, 1679, 0, 7.48%, 144, 91, 15, 6.61, 2175088, 4901
9273, 0, 1604, 2063, 1679, 0, 7.48%, 144, 91, 15, 701.50, 2178173, 4901
9279, 0, 940, 2063, 1679, 0, 7.48%, 144, 92, 15, 123.99, 2181575, 4901
9284, 0, 893, 2065, 1681, 0, 7.48%, 145, 93, 15, 1971.31, 2188215, 4901
9289, 0, 187, 2066, 1682, 0, 7.48%, 145, 93, 15, 1271.19, 2194276, 4901
9294, 0, 377, 2067, 1683, 0, 7.48%, 145, 93, 15, 1487.84, 2201899, 4901
9299, 0, 842, 2068, 1684, 0, 7.48%, 145, 93, 15, 1358.61, 2208648, 4901
9304, 0, 187, 2069, 1685, 0, 7.48%, 145, 93, 15, 1271.26, 2215194, 4901
9309, 0, 1032, 2072, 1688, 0, 7.48%, 145, 93, 15, 1363.06, 2222228, 4901
9314, 0, 493, 2085, 1701, 0, 7.48%, 145, 93, 15, 1207.41, 2228503, 4901
9319, 0, 1360, 2089, 1705, 0, 7.48%, 145, 93, 15, 1306.41, 2234640, 4901
9324, 0, 953, 2092, 1708, 0, 7.48%, 145, 93, 15, 1338.57, 2241558, 4901
9329, 0, 1423, 2092, 1708, 0, 7.48%, 145, 93, 15, 1399.26, 2248363, 4901
9334, 0, 1061, 2092, 1708, 0, 7.48%, 145, 93, 15, 17.86, 2254773, 4901
9339, 0, 1717, 2092, 1708, 0, 7.48%, 145, 93, 15, 1178.20, 2258059, 4901
9344, 0, 535, 2092, 1708, 0, 7.48%, 145, 93, 15, 1175.87, 2263739, 4901
9349, 0, 923, 2096, 1712, 0, 7.48%, 145, 93, 15, 1277.45, 2270329, 4901
9354, 0, 593, 2097, 1713, 0, 7.48%, 145, 93, 15, 1198.28, 2276507, 4901
9360, 0, 940, 2098, 1714, 0, 7.48%, 145, 93, 15, 1521.13, 2284845, 4901
9365, 0, 1778, 2098, 1714, 0, 7.48%, 146, 93, 15, 1773.27, 2294397, 4901
9370, 0, 1634, 2098, 1714, 0, 7.48%, 146, 93, 15, 1805.18, 2303962, 4901
9375, 0, 122, 2100, 1716, 2, 7.48%, 146, 93, 15, 1898.23, 2313668, 4901
9380, 0, 631, 2101, 1717, 2, 7.48%, 147, 93, 15, 1882.31, 2323565, 4901
9385, 0, 1305, 2102, 1717, 1, 7.48%, 147, 93, 15, 1925.59, 2333392, 4901
9390, 0, 939, 2106, 1720, 1, 7.48%, 147, 93, 15, 1635.65, 2341540, 4901
9395, 0, 1989, 2109, 1722, 1, 7.48%, 147, 94, 15, 1801.99, 2348321, 4901
9401, 0, 162, 2109, 1721, 0, 7.48%, 147, 94, 15, 1199.58, 2355181, 4901
9406, 0, 1824, 2109, 1721, 0, 7.48%, 147, 94, 15, 514.35, 2363371, 4901
9411, 0, 187, 2112, 1723, 0, 7.48%, 148, 94, 15, 1354.34, 2371466, 4901
9416, 0, 2098, 2115, 1726, 0, 7.48%, 148, 94, 15, 1518.38, 2379457, 4901
9421, 0, 1441, 2116, 1726, 0, 7.48%, 148, 94, 15, 1627.46, 2387823, 4901
9426, 0, 1440, 2117, 1727, 0, 7.48%, 148, 94, 15, 1522.58, 2395728, 4901
9431, 0, 1932, 2118, 1728, 0, 7.48%, 148, 95, 15, 680.71, 2399614, 4901
9437, 0, 162, 2120, 1730, 0, 7.48%, 149, 95, 15, 1498.04, 2407881, 4901
9442, 0, 162, 2120, 1730, 0, 7.48%, 149, 96, 15, 1788.48, 2414211, 4901
9447, 0, 1684, 2121, 1731, 0, 7.48%, 149, 96, 15, 1214.96, 2420079, 4901
9452, 0, 1560, 2121, 1731, 0, 7.48%, 149, 96, 15, 1476.88, 2427800, 4901
9457, 0, 1460, 2123, 1733, 0, 7.48%, 149, 96, 15, 1351.80, 2435161, 4901
9462, 0, 426, 2125, 1735, 0, 7.48%, 149, 97, 15, 736.14, 2439381, 4901
9467, 0, 1776, 2129, 1739, 0, 7.48%, 149, 97, 15, 1258.92, 2446084, 4901
9473, 0, 1359, 2129, 1739, 0, 7.48%, 149, 97, 15, 1203.79, 2452807, 4901
9478, 0, 1598, 2129, 1739, 0, 7.48%, 149, 97, 15, 1273.94, 2458327, 4901
9483, 0, 1837, 2129, 1739, 0, 7.48%, 149, 97, 15, 1632.63, 2467179, 4901
9488, 0, 1927, 2130, 1740, 0, 7.48%, 149, 97, 15, 1420.81, 2474394, 4901
9493, 0, 995, 2131, 1741, 0, 7.48%, 149, 97, 15, 1516.99, 2482154, 4901
9498, 0, 1964, 2131, 1741, 0, 7.48%, 149, 97, 15, 1249.33, 2488314, 4901
9503, 0, 1089, 2132, 1742, 0, 7.48%, 150, 97, 15, 1383.97, 2495201, 4901
9508, 0, 593, 2132, 1742, 0, 7.48%, 150, 97, 15, 1673.98, 2504583, 4901
9513, 0, 815, 2132, 1742, 0, 7.48%, 150, 97, 15, 1625.22, 2512908, 4901
9518, 0, 543, 2132, 1742, 0, 7.48%, 150, 98, 15, 1741.23, 2517766, 4901
9523, 0, 1679, 2134, 1744, 0, 7.48%, 150, 98, 15, 1675.28, 2526127, 4901
9529, 0, 148, 2135, 1744, 0, 7.48%, 151, 98, 15, 1667.28, 2534771, 4901
9534, 0, 1932, 2135, 1744, 0, 7.48%, 151, 98, 15, 774.08, 2541061, 4901
9539, 0, 1061, 2135, 1744, 0, 7.48%, 151, 99, 15, 1705.43, 2546928, 4901
9544, 0, 1569, 2135, 1744, 0, 7.48%, 151, 99, 15, 898.12, 2552509, 4901
9549, 0, 1932, 2135, 1743, 0, 7.48%, 151, 101, 15, 561.54, 2555859, 4901
9554, 0, 1089, 2136, 1744, 0, 7.48%, 151, 101, 15, 1401.81, 2564029, 4901
9559, 0, 165, 2137, 1745, 0, 7.48%, 151, 101, 15, 1615.64, 2572791, 4901
9565, 0, 1066, 2138, 1746, 0, 7.48%, 151, 102, 15, 127.01, 2580553, 4901
9570, 0, 1201, 2138, 1745, 0, 7.48%, 151, 102, 15, 1529.14, 2587854, 4901
9575, 0, 1045, 2138, 1745, 0, 7.48%, 151, 102, 15, 1431.24, 2594984, 4901
9580, 0, 1066, 2138, 1745, 0, 7.48%, 151, 102, 15, 1523.66, 2602747, 4901
9586, 0, 1778, 2140, 1747, 0, 7.48%, 151, 102, 15, 1501.91, 2610317, 4901
9591, 0, 144, 2140, 1747, 0, 7.48%, 152, 102, 15, 1594.42, 2618470, 4901
9596, 0, 1821, 2142, 1749, 0, 7.48%, 152, 102, 15, 1674.14, 2626902, 4901
9601, 0, 1950, 2149, 1756, 0, 7.48%, 152, 102, 15, 1672.68, 2634664, 4901
9606, 0, 165, 2151, 1755, 1, 7.48%, 152, 102, 15, 1582.38, 2642670, 4901
9612, 0, 2125, 2153, 1757, 1, 7.48%, 153, 103, 15, 135.53, 2649330, 4901
9617, 0, 1066, 2153, 1756, 1, 7.48%, 153, 103, 15, 1307.22, 2655981, 4901
9622, 0, 939, 2154, 1756, 0, 7.48%, 153, 103, 15, 1150.37, 2661982, 4901
9627, 0, 684, 2154, 1756, 0, 7.48%, 153, 103, 15, 1251.08, 2668734, 4901
9632, 0, 148, 2154, 1756, 0, 7.48%, 153, 103, 15, 1333.19, 2674884, 4901
9637, 0, 1927, 2154, 1756, 0, 7.48%, 153, 103, 15, 1289.86, 2681183, 4901
9642, 0, 1927, 2167, 1769, 0, 7.48%, 153, 103, 15, 1206.12, 2687272, 4901
9647, 0, 1074, 2167, 1769, 0, 7.48%, 153, 103, 15, 1447.32, 2695009, 4901
9653, 0, 1648, 2167, 1769, 0, 7.48%, 153, 105, 15, 2.57, 2700181, 4901
9658, 0, 1362, 2167, 1769, 0, 7.48%, 153, 105, 15, 1731.09, 2708805, 4901
9663, 0, 1687, 2167, 1769, 0, 7.48%, 153, 105, 15, 1788.98, 2717794, 4901
9668, 0, 1821, 2167, 1769, 0, 7.48%, 153, 105, 15, 1754.89, 2726565, 4901
9673, 0, 1174, 2168, 1768, 0, 7.48%, 153, 105, 15, 1732.01, 2735505, 4901
9678, 0, 1441, 2169, 1769, 0, 7.48%, 153, 105, 15, 1481.63, 2743243, 4901
9683, 0, 1441, 2169, 1769, 0, 7.48%, 153, 105, 15, 1599.58, 2744526, 4901
9688, 0, 1560, 2170, 1770, 0, 7.48%, 153, 105, 15, 1589.46, 2752662, 4901
9694, 0, 1379, 2170, 1770, 0, 7.48%, 153, 107, 15, 9.95, 2756940, 4901
9699, 0, 1443, 2172, 1772, 0, 7.48%, 153, 107, 15, 1652.56, 2765631, 4901
9705, 0, 1061, 2172, 1772, 0, 7.48%, 153, 108, 15, 19.08, 2772600, 4901
9710, 0, 1835, 2172, 1772, 0, 7.48%, 153, 109, 15, 1324.59, 2777779, 4901
9716, 0, 1835, 2173, 1773, 0, 7.48%, 153, 109, 15, 1582.43, 2786171, 4901
9721, 0, 1879, 2173, 1773, 0, 7.48%, 153, 109, 15, 1294.48, 2792751, 4901
9726, 0, 1317, 2173, 1773, 0, 7.48%, 153, 109, 15, 1655.13, 2801982, 4901
9731, 0, 1560, 2173, 1773, 0, 7.48%, 153, 109, 15, 1436.53, 2809027, 4901
9736, 0, 254, 2177, 1777, 0, 7.48%, 153, 109, 15, 1488.39, 2816492, 4901
9741, 0, 878, 2177, 1777, 0, 7.48%, 153, 109, 15, 1187.70, 2822728, 4901
9746, 0, 1776, 2177, 1777, 0, 7.48%, 153, 109, 15, 767.49, 2826051, 4901
9751, 0, 1039, 2177, 1777, 0, 7.48%, 153, 111, 15, 1149.53, 2828648, 4901
9756, 0, 1648, 2178, 1778, 0, 7.48%, 153, 111, 15, 1341.56, 2835475, 4901
9761, 0, 938, 2178, 1778, 0, 7.48%, 153, 111, 15, 1226.33, 2841680, 4901
9766, 0, 1675, 2178, 1777, 0, 7.48%, 153, 111, 15, 1112.27, 2847173, 4901
9771, 0, 1412, 2179, 1778, 0, 7.48%, 153, 111, 15, 1236.14, 2853924, 4901
9776, 0, 208, 2179, 1777, 0, 7.48%, 153, 111, 15, 1292.03, 2860799, 4901
9782, 0, 1824, 2179, 1777, 0, 7.48%, 153, 111, 15, 1482.06, 2868827, 4901
9787, 0, 165, 2179, 1777, 0, 7.48%, 153, 111, 15, 1019.86, 2875962, 4901
9792, 0, 1879, 2179, 1777, 0, 7.48%, 153, 111, 15, 1004.88, 2881061, 4901
9797, 0, 1443, 2179, 1777, 0, 7.48%, 153, 111, 15, 1184.63, 2886962, 4901
9802, 0, 1824, 2179, 1777, 0, 7.48%, 153, 112, 15, 1734.91, 2894545, 4901
9807, 0, 1440, 2180, 1778, 0, 7.48%, 153, 112, 15, 1470.07, 2902434, 4901
9812, 0, 227, 2180, 1778, 0, 7.48%, 153, 112, 15, 1526.85, 2908721, 4901
9817, 0, 1941, 2180, 1778, 0, 7.48%, 153, 112, 15, 1557.43, 2916312, 4901
9823, 0, 1941, 2180, 1778, 0, 7.48%, 153, 112, 15, 1384.27, 2923288, 4901
9828, 0, 1927, 2180, 1778, 0, 7.48%, 153, 112, 15, 1481.62, 2930883, 4901
9833, 0, 593, 2180, 1778, 0, 7.48%, 153, 112, 15, 1485.16, 2938578, 4901
9838, 0, 1932, 2180, 1778, 0, 7.48%, 153, 112, 15, 1425.67, 2946517, 4901
9843, 0, 1950, 2181, 1779, 0, 7.48%, 153, 112, 15, 1253.77, 2952951, 4901
9848, 0, 862, 2181, 1779, 0, 7.48%, 153, 113, 15, 7.70, 2957038, 4901
9854, 0, 162, 2181, 1779, 0, 7.48%, 153, 113, 15, 1281.95, 2963889, 4901
9859, 0, 148, 2181, 1778, 0, 7.48%, 153, 113, 15, 1083.89, 2968047, 4901
9864, 0, 122, 2181, 1778, 0, 7.48%, 153, 113, 15, 1207.05, 2974299, 4901
9869, 0, 1560, 2181, 1778, 0, 7.48%, 153, 113, 15, 930.20, 2979099, 4901
9874, 0, 1439, 2181, 1778, 0, 7.48%, 153, 114, 15, 746.34, 2981882, 4901
9879, 0, 1439, 2181, 1778, 0, 7.48%, 153, 114, 15, 994.69, 2986017, 4901
9884, 0, 1761, 2182, 1779, 0, 7.48%, 153, 114, 15, 1210.92, 2992074, 4901
9889, 0, 805, 2182, 1779, 0, 7.48%, 153, 114, 15, 1091.18, 2997578, 4901
9895, 0, 1715, 2183, 1780, 0, 7.48%, 153, 114, 15, 1183.48, 3003632, 4901
9900, 0, 1715, 2184, 1781, 0, 7.48%, 153, 114, 15, 1140.45, 3009191, 4901
9905, 0, 740, 2185, 1782, 0, 7.48%, 153, 114, 15, 943.29, 3013831, 4901
9910, 0, 148, 2185, 1782, 0, 7.48%, 153, 114, 15, 855.30, 3018534, 4901
9915, 0, 70, 2186, 1783, 0, 7.48%, 153, 114, 15, 1093.65, 3023878, 4901
9920, 0, 1879, 2186, 1782, 0, 7.48%, 153, 114, 15, 925.71, 3029097, 4901
9925, 0, 940, 2186, 1782, 0, 7.48%, 153, 114, 15, 620.31, 3031843, 4901
9930, 0, 171, 2186, 1782, 0, 7.48%, 153, 114, 15, 615.64, 3034931, 4901
9935, 0, 162, 2186, 1782, 0, 7.48%, 153, 114, 15, 987.68, 3039643, 4901
9940, 0, 1879, 2186, 1782, 0, 7.48%, 153, 114, 15, 989.84, 3045057, 4901
9945, 0, 1173, 2186, 1782, 0, 7.48%, 153, 114, 15, 851.34, 3049352, 4901
9950, 0, 1875, 2187, 1783, 0, 7.48%, 153, 114, 15, 1106.88, 3054878, 4901
9956, 0, 1875, 2188, 1784, 0, 7.48%, 153, 114, 15, 1235.26, 3061134, 4901
9961, 0, 768, 2188, 1784, 0, 7.48%, 153, 114, 15, 1316.60, 3067951, 4901
9966, 0, 757, 2188, 1784, 0, 7.48%, 153, 114, 15, 1265.43, 3074175, 4901
9971, 0, 618, 2191, 1787, 0, 7.48%, 153, 114, 15, 1241.46, 3080003, 4901
9976, 0, 1927, 2202, 1798, 0, 7.48%, 153, 114, 15, 1382.55, 3087311, 4901
9981, 0, 107, 2206, 1802, 0, 7.48%, 153, 114, 15, 1340.47, 3094340, 4901
9986, 0, 1778, 2208, 1804, 0, 7.48%, 153, 114, 15, 1220.09, 3100530, 4901
9991, 0, 929, 2208, 1804, 0, 7.48%, 153, 114, 15, 1225.56, 3106771, 4901
9996, 0, 578, 2210, 1806, 0, 7.48%, 153, 114, 15, 1176.70, 3112562, 4901
10001, 0, 70, 2211, 1807, 0, 7.48%, 153, 114, 15, 1409.55, 3119561, 4901
10006, 0, 1067, 2211, 1807, 0, 7.48%, 154, 114, 15, 1304.53, 3125866, 4901
10011, 0, 84, 2212, 1808, 0, 7.48%, 154, 114, 15, 1276.57, 3132089, 4901
10016, 0, 32, 2212, 1808, 0, 7.48%, 154, 114, 15, 1553.16, 3137354, 4901
10021, 0, 1441, 2212, 1808, 0, 7.48%, 154, 114, 15, 1527.35, 3144996, 4901
10026, 0, 1066, 2213, 1809, 0, 7.48%, 154, 114, 15, 1103.83, 3150578, 4901
10032, 0, 1066, 2213, 1809, 0, 7.48%, 154, 114, 15, 1322.85, 3157338, 4901
10037, 0, 1716, 2215, 1811, 0, 7.48%, 154, 114, 15, 1382.25, 3164397, 4901
10042, 0, 824, 2215, 1811, 0, 7.48%, 154, 114, 15, 1299.27, 3171042, 4901
10047, 0, 1434, 2216, 1812, 0, 7.48%, 154, 114, 15, 1019.26, 3176376, 4901
10052, 0, 1434, 2216, 1812, 0, 7.48%, 154, 114, 15, 1137.86, 3181377, 4901
10057, 0, 1091, 2216, 1812, 0, 7.48%, 154, 114, 15, 1197.22, 3187267, 4901
10062, 0, 893, 2216, 1812, 0, 7.48%, 154, 114, 15, 1392.88, 3194720, 4901
10067, 0, 377, 2216, 1812, 0, 7.48%, 154, 114, 15, 1227.64, 3200759, 4901
10072, 0, 1875, 2217, 1813, 0, 7.48%, 154, 114, 15, 1465.28, 3208539, 4901
10077, 0, 1074, 2217, 1813, 0, 7.48%, 154, 114, 15, 1040.00, 3213758, 4901
10083, 0, 1941, 2218, 1814, 0, 7.48%, 154, 114, 15, 1301.34, 3220732, 4901
10088, 0, 187, 2221, 1817, 0, 7.48%, 154, 114, 15, 1175.08, 3226304, 4901
10093, 0, 162, 2221, 1817, 0, 7.48%, 154, 114, 15, 995.53, 3230759, 4901
10098, 0, 491, 2221, 1817, 0, 7.48%, 154, 114, 15, 1334.37, 3238026, 4901
10103, 0, 850, 2221, 1817, 0, 7.48%, 154, 114, 15, 1400.49, 3245166, 4901
10108, 0, 1717, 2221, 1817, 0, 7.48%, 154, 114, 15, 1324.40, 3252188, 4901
10113, 0, 940, 2221, 1817, 0, 7.48%, 154, 114, 15, 1444.93, 3259629, 4901
10118, 0, 1848, 2222, 1818, 0, 7.48%, 155, 114, 15, 1506.41, 3267420, 4901
10123, 0, 1848, 2222, 1818, 0, 7.48%, 155, 114, 15, 1527.77, 3275248, 4901
10128, 0, 823, 2222, 1818, 0, 7.48%, 155, 114, 15, 1549.97, 3282991, 4901
10133, 0, 1963, 2223, 1819, 0, 7.48%, 155, 114, 15, 1269.03, 3289093, 4901
10139, 0, 229, 2223, 1819, 0, 7.48%, 155, 114, 15, 1204.56, 3294818, 4901
10144, 0, 1632, 2227, 1823, 4, 7.50%, 155, 114, 15, 1282.55, 3301442, 4915
10149, 0, 162, 2230, 1824, 6, 7.51%, 155, 114, 15, 1414.95, 3309083, 4920
10154, 0, 1066, 2231, 1824, 6, 7.51%, 155, 114, 15, 1238.44, 3315304, 4920
10159, 0, 2226, 2231, 1821, 3, 7.51%, 155, 114, 15, 1415.00, 3322343, 4920
10164, 0, 850, 2232, 1820, 1, 7.51%, 155, 114, 15, 1300.89, 3329147, 4920
10169, 0, 201, 2233, 1821, 1, 7.51%, 155, 114, 15, 1081.82, 3334514, 4920
10174, 0, 1716, 2233, 1820, 1, 7.51%, 155, 114, 15, 1416.52, 3342060, 4920
10179, 0, 2163, 2234, 1821, 1, 7.51%, 155, 114, 15, 1307.14, 3348710, 4920
10184, 0, 932, 2234, 1820, 1, 7.51%, 155, 114, 15, 44.41, 3351869, 4920
10190, 0, 1717, 2235, 1821, 1, 7.51%, 155, 114, 15, 1351.29, 3358233, 4920
10195, 0, 1941, 2236, 1821, 1, 7.51%, 155, 114, 15, 1271.43, 3364431, 4920
10200, 0, 940, 2236, 1821, 1, 7.51%, 155, 115, 15, 480.12, 3368822, 4920
10205, 0, 1966, 2236, 1819, 1, 7.51%, 155, 115, 15, 1133.63, 3375444, 4920
10210, 0, 618, 2236, 1818, 1, 7.51%, 155, 115, 15, 1178.75, 3381495, 4920
10215, 0, 836, 2237, 1818, 0, 7.51%, 155, 115, 15, 1226.40, 3387898, 4920
10220, 0, 939, 2237, 1817, 0, 7.51%, 156, 115, 15, 1305.05, 3394210, 4920
10225, 0, 1495, 2237, 1817, 0, 7.51%, 156, 115, 15, 1177.97, 3400013, 4920
10230, 0, 1941, 2240, 1820, 0, 7.51%, 158, 115, 15, 1187.92, 3405948, 4920
10235, 0, 1837, 2240, 1820, 0, 7.51%, 158, 115, 15, 1109.51, 3411440, 4920
10240, 0, 82, 2244, 1824, 0, 7.51%, 158, 115, 15, 1207.02, 3417491, 4920
10245, 0, 605, 2244, 1824, 0, 7.51%, 158, 115, 15, 1174.43, 3423480, 4920
10250, 0, 1052, 2244, 1823, 0, 7.51%, 158, 115, 15, 1293.65, 3430019, 4920
10255, 0, 618, 2244, 1823, 0, 7.51%, 158, 115, 15, 1453.19, 3437857, 4920
10261, 0, 2001, 2244, 1823, 0, 7.51%, 158, 115, 15, 1386.92, 3444023, 4920
10266, 0, 1560, 2244, 1823, 0, 7.51%, 158, 116, 15, 1588.72, 3450109, 4920
10271, 0, 203, 2244, 1823, 0, 7.51%, 158, 118, 15, 21.04, 3454258, 4920
10276, 0, 559, 2244, 1823, 0, 7.51%, 158, 118, 15, 1552.57, 3462176, 4920
10281, 0, 929, 2248, 1827, 0, 7.51%, 158, 118, 15, 155.32, 3469569, 4920
10286, 0, 1634, 2248, 1827, 0, 7.51%, 158, 118, 15, 1685.78, 3475176, 4920
10291, 0, 162, 2248, 1827, 0, 7.51%, 158, 118, 15, 1597.50, 3483171, 4920
10296, 0, 1560, 2248, 1827, 0, 7.51%, 158, 118, 15, 1542.49, 3490919, 4920
10302, 0, 799, 2249, 1828, 0, 7.51%, 158, 118, 15, 1552.60, 3499073, 4920
10307, 0, 491, 2249, 1828, 0, 7.51%, 158, 118, 15, 1630.05, 3507480, 4920
10312, 0, 165, 2250, 1829, 0, 7.51%, 158, 118, 15, 1484.87, 3514780, 4920
10317, 0, 1940, 2250, 1829, 0, 7.51%, 158, 118, 15, 1562.55, 3522700, 4920
10322, 0, 1568, 2250, 1829, 0, 7.51%, 158, 118, 15, 1530.61, 3530404, 4920
10327, 0, 1776, 2252, 1831, 0, 7.51%, 158, 118, 15, 1544.05, 3538179, 4920
10332, 0, 1634, 2252, 1831, 0, 7.51%, 158, 118, 15, 1593.15, 3546159, 4920
10337, 0, 162, 2252, 1831, 0, 7.51%, 158, 118, 15, 1597.31, 3554146, 4920
10343, 0, 1717, 2253, 1832, 0, 7.51%, 159, 119, 15, 46.05, 3561020, 4920
10348, 0, 1634, 2253, 1832, 0, 7.51%, 159, 119, 15, 1558.24, 3569294, 4920
10353, 0, 1716, 2254, 1833, 0, 7.51%, 159, 119, 15, 1531.32, 3576995, 4920
10358, 0, 311, 2255, 1834, 0, 7.51%, 159, 119, 15, 1558.73, 3585118, 4920
10363, 0, 543, 2255, 1834, 0, 7.51%, 160, 119, 15, 1565.67, 3592905, 4920
10368, 0, 311, 2255, 1833, 0, 7.51%, 160, 119, 15, 1529.27, 3599870, 4920
10373, 0, 1716, 2255, 1833, 0, 7.51%, 160, 119, 15, 1585.99, 3607853, 4920
10379, 0, 1353, 2256, 1834, 0, 7.51%, 160, 119, 15, 1282.78, 3614509, 4920
10384, 0, 1353, 2256, 1834, 0, 7.51%, 160, 119, 15, 58.28, 3620107, 4920
10389, 0, 1353, 2256, 1834, 0, 7.51%, 160, 120, 15, 9.62, 3620182, 4920
10394, 0, 1441, 2256, 1834, 0, 7.51%, 160, 120, 15, 980.00, 3620553, 4920
10399, 0, 2098, 2256, 1834, 0, 7.51%, 160, 120, 15, 1446.52, 3628646, 4920
10404, 0, 1554, 2256, 1834, 0, 7.51%, 160, 121, 15, 29.47, 3635095, 4920
10410, 0, 1927, 2256, 1834, 0, 7.51%, 160, 121, 15, 1696.20, 3640401, 4920
10415, 0, 187, 2256, 1834, 0, 7.51%, 160, 121, 15, 1560.06, 3648441, 4920
10420, 0, 938, 2256, 1834, 0, 7.51%, 160, 121, 15, 1533.93, 3656112, 4920
10425, 0, 1932, 2256, 1834, 0, 7.51%, 160, 121, 15, 1636.72, 3664578, 4920
10430, 0, 1554, 2257, 1835, 0, 7.51%, 160, 121, 15, 1795.40, 3673797, 4920
10435, 0, 148, 2257, 1835, 0, 7.51%, 160, 121, 15, 1586.27, 3680419, 4920
10440, 0, 688, 2257, 1835, 0, 7.51%, 160, 121, 15, 1802.33, 3689610, 4920
10445, 0, 1634, 2257, 1835, 0, 7.51%, 160, 121, 15, 1704.36, 3697859, 4920
10450, 0, 578, 2257, 1835, 0, 7.51%, 160, 121, 15, 1939.68, 3708221, 4920
10455, 0, 543, 2257, 1835, 0, 7.51%, 160, 122, 15, 150.86, 3714452, 4920
10460, 0, 1837, 2257, 1835, 0, 7.51%, 160, 122, 15, 1827.43, 3723439, 4920
10465, 0, 1717, 2261, 1839, 0, 7.51%, 160, 122, 15, 1758.93, 3732261, 4920
10470, 0, 1717, 2261, 1839, 0, 7.51%, 160, 122, 15, 1663.16, 3740421, 4920
10476, 0, 1909, 2261, 1839, 0, 7.51%, 160, 122, 15, 1797.42, 3749800, 4920
10481, 0, 749, 2262, 1840, 0, 7.51%, 160, 123, 15, 1839.24, 3757134, 4920
10486, 0, 162, 2262, 1840, 0, 7.51%, 160, 123, 15, 1743.01, 3765890, 4920
10491, 0, 1167, 2262, 1840, 0, 7.51%, 160, 123, 15, 1728.79, 3774619, 4920
10496, 0, 1879, 2262, 1840, 0, 7.51%, 160, 123, 15, 1847.79, 3784317, 4920
10501, 0, 929, 2262, 1840, 0, 7.51%, 160, 124, 15, 1754.36, 3791830, 4920
10506, 0, 1560, 2262, 1840, 0, 7.51%, 160, 124, 15, 1762.52, 3800775, 4920
10511, 0, 162, 2263, 1841, 0, 7.51%, 160, 124, 15, 1600.47, 3806494, 4920
10517, 0, 1604, 2263, 1841, 0, 7.51%, 160, 125, 15, 330.95, 3811469, 4920
10522, 0, 1604, 2263, 1841, 0, 7.51%, 160, 125, 15, 14.16, 3812771, 4920
10527, 0, 947, 2264, 1842, 0, 7.51%, 160, 125, 15, 1698.85, 3816366, 4920
10532, 0, 794, 2264, 1842, 0, 7.51%, 160, 125, 15, 1712.42, 3825301, 4920
10537, 0, 1848, 2264, 1842, 0, 7.51%, 160, 125, 15, 79.07, 3833473, 4920
10542, 0, 1848, 2264, 1842, 0, 7.51%, 160, 125, 15, 1823.31, 3837841, 4920
10547, 0, 1413, 2265, 1843, 0, 7.51%, 160, 125, 15, 1410.44, 3843470, 4920
10553, 0, 593, 2266, 1844, 0, 7.51%, 160, 125, 15, 1325.90, 3850126, 4920
10558, 0, 1367, 2267, 1845, 0, 7.51%, 160, 125, 15, 1327.38, 3857338, 4920
10563, 0, 800, 2267, 1845, 0, 7.51%, 160, 125, 15, 1608.26, 3865653, 4920
10568, 0, 1074, 2267, 1845, 0, 7.51%, 160, 125, 15, 1395.35, 3872539, 4920
10573, 0, 1440, 2267, 1845, 0, 7.51%, 160, 126, 15, 1594.27, 3878880, 4920
10578, 0, 842, 2270, 1848, 0, 7.51%, 160, 126, 15, 1632.65, 3886884, 4920
10583, 0, 1303, 2272, 1850, 0, 7.51%, 160, 126, 15, 1533.87, 3894650, 4920
10588, 0, 1717, 2272, 1850, 0, 7.51%, 160, 126, 15, 2125.13, 3906460, 4920
10593, 0, 1716, 2272, 1850, 0, 7.51%, 161, 127, 15, 1086.57, 3913624, 4920
10599, 0, 940, 2272, 1850, 0, 7.51%, 161, 127, 15, 1639.60, 3922877, 4920
10604, 0, 1703, 2272, 1850, 0, 7.51%, 161, 127, 15, 1729.07, 3931720, 4920
10609, 0, 756, 2272, 1850, 0, 7.51%, 161, 127, 15, 1652.37, 3939837, 4920
10614, 0, 57, 2273, 1851, 0, 7.51%, 161, 127, 15, 1881.15, 3949725, 4920
10619, 0, 929, 2273, 1851, 0, 7.51%, 161, 127, 15, 1545.45, 3957286, 4920
10624, 0, 1443, 2274, 1852, 0, 7.51%, 162, 127, 15, 1827.68, 3967053, 4920
10629, 0, 862, 2275, 1853, 0, 7.51%, 162, 127, 15, 1881.69, 3976669, 4920
10634, 0, 193, 2275, 1853, 0, 7.51%, 162, 127, 15, 1970.13, 3987069, 4920
10639, 0, 162, 2276, 1854, 0, 7.51%, 162, 127, 15, 1971.07, 3997203, 4920
10644, 0, 2001, 2276, 1854, 0, 7.51%, 162, 127, 15, 1979.00, 4007066, 4920
10649, 0, 1066, 2277, 1854, 0, 7.51%, 162, 127, 15, 1869.37, 4016397, 4920
10655, 0, 261, 2278, 1855, 0, 7.51%, 162, 127, 15, 1911.24, 4026136, 4920
10660, 0, 1848, 2279, 1856, 0, 7.51%, 162, 127, 15, 1842.23, 4035327, 4920
10665, 0, 1828, 2279, 1856, 0, 7.51%, 163, 127, 15, 1789.60, 4043795, 4920
10670, 0, 1059, 2279, 1856, 0, 7.51%, 163, 127, 15, 1978.61, 4048220, 4920
10675, 1, 1941, 2280, 1857, 0, 7.51%, 163, 127, 15, 1908.52, 4057897, 4920
10680, 1, 1941, 2287, 1864, 0, 7.51%, 163, 127, 15, 1918.80, 4067692, 4920
10685, 1, 940, 2287, 1864, 0, 7.51%, 163, 128, 15, 1962.91, 4071108, 4920
10690, 1, 1835, 2287, 1863, 0, 7.51%, 163, 128, 15, 1959.35, 4081056, 4920
10695, 1, 1066, 2289, 1864, 0, 7.51%, 163, 128, 15, 1851.26, 4090307, 4920
10700, 1, 1963, 2291, 1866, 0, 7.51%, 163, 128, 15, 1360.92, 4097703, 4920
10705, 1, 1963, 2292, 1867, 0, 7.51%, 163, 128, 15, 1414.98, 4105041, 4920
10710, 1, 1963, 2295, 1870, 0, 7.51%, 163, 129, 15, 1298.91, 4110238, 4922
10716, 1, 1963, 2295, 1870, 0, 7.51%, 163, 129, 15, 244.78, 4116662, 4922
10721, 1, 1963, 2295, 1870, 0, 7.51%, 163, 129, 15, 13.07, 4116810, 4922
10726, 1, 1963, 2295, 1870, 0, 7.51%, 163, 129, 15, 27.00, 4116959, 4922
10731, 1, 1074, 2299, 1874, 1, 7.51%, 163, 129, 15, 1769.98, 4125209, 4922
10736, 1, 162, 2301, 1874, 1, 7.51%, 163, 129, 15, 1665.15, 4133771, 4922
10741, 1, 2292, 2309, 1882, 1, 7.52%, 163, 129, 15, 1215.25, 4139536, 4927
10746, 1, 2292, 2312, 1885, 1, 7.52%, 163, 129, 15, 1098.68, 4144848, 4927
10751, 1, 2292, 2312, 1885, 1, 7.52%, 163, 130, 15, 1048.64, 4148953, 4927
10757, 1, 2292, 2313, 1886, 1, 7.52%, 163, 130, 15, 1135.42, 4154889, 4927
10762, 1, 1084, 2314, 1886, 3, 7.52%, 163, 130, 15, 1538.07, 4162714, 4927
10767, 1, 1398, 2317, 1886, 3, 7.52%, 163, 130, 15, 1760.55, 4171804, 4927
10772, 1, 2302, 2322, 1890, 3, 7.53%, 163, 130, 15, 1251.16, 4177615, 4933
10777, 1, 1560, 2323, 1890, 5, 7.53%, 163, 130, 15, 2083.38, 4184877, 4933
10782, 1, 2303, 2326, 1891, 4, 7.53%, 163, 130, 15, 1767.58, 4193911, 4933
10787, 1, 949, 2327, 1891, 3, 7.53%, 163, 130, 15, 1694.58, 4202198, 4933
10792, 1, 1440, 2327, 1889, 2, 7.53%, 163, 130, 15, 1703.51, 4210776, 4933
10797, 1, 1440, 2333, 1895, 2, 7.53%, 163, 131, 15, 1799.57, 4217671, 4933
10802, 1, 812, 2333, 1894, 1, 7.53%, 163, 131, 15, 1567.50, 4225184, 4933
10807, 1, 2325, 2333, 1894, 1, 7.53%, 163, 132, 15, 2124.00, 4232042, 4933
10812, 1, 1942, 2333, 1893, 0, 7.53%, 163, 132, 15, 2029.98, 4242069, 4933
10818, 1, 1360, 2336, 1894, 0, 7.53%, 163, 132, 15, 1977.08, 4251877, 4933
10823, 1, 2235, 2341, 1898, 0, 7.53%, 164, 132, 15, 1809.58, 4260988, 4933
10828, 1, 2235, 2345, 1902, 0, 7.53%, 164, 132, 15, 1822.25, 4269984, 4933
10833, 1, 2235, 2345, 1902, 0, 7.53%, 164, 132, 15, 1934.00, 4280076, 4933
10838, 1, 82, 2345, 1901, 0, 7.53%, 164, 132, 15, 1952.35, 4289712, 4933
10843, 1, 249, 2346, 1902, 0, 7.53%, 165, 132, 15, 1927.79, 4299628, 4933
10848, 1, 162, 2353, 1909, 1, 7.54%, 165, 132, 15, 1737.47, 4308111, 4942
10853, 1, 1640, 2359, 1914, 1, 7.54%, 165, 132, 15, 1757.89, 4317298, 4942
10858, 1, 1640, 2362, 1917, 1, 7.54%, 165, 132, 15, 1760.72, 4326212, 4942
10863, 1, 1640, 2363, 1918, 1, 7.54%, 165, 132, 15, 1582.82, 4334038, 4942
10868, 1, 162, 2365, 1919, 1, 7.54%, 165, 132, 15, 1723.91, 4341532, 4942
10873, 1, 1207, 2365, 1919, 1, 7.54%, 165, 132, 15, 1712.32, 4350261, 4942
10878, 1, 1909, 2367, 1919, 0, 7.54%, 165, 132, 15, 1589.52, 4357968, 4942
10883, 1, 1066, 2367, 1918, 0, 7.54%, 165, 132, 15, 1620.49, 4366124, 4942
10888, 1, 1223, 2372, 1923, 0, 7.54%, 165, 132, 15, 1620.03, 4374003, 4942
10893, 1, 652, 2374, 1924, 0, 7.54%, 165, 132, 15, 1755.47, 4382963, 4942
10898, 1, 1909, 2375, 1924, 0, 7.54%, 165, 132, 15, 1918.33, 4392775, 4942
11007, 1, 1361, 2376, 1925, 0, 7.54%, 165, 132, 15, 3.91, 4400633, 4942
11012, 1, 1778, 2377, 1926, 0, 7.54%, 165, 132, 15, 905.03, 4404966, 4942
11018, 1, 1824, 2378, 1927, 0, 7.54%, 166, 132, 15, 1393.85, 4412275, 4942
11023, 1, 1824, 2380, 1929, 0, 7.54%, 166, 132, 15, 1959.66, 4422817, 4942
11028, 1, 1074, 2380, 1929, 0, 7.54%, 166, 132, 15, 2150.68, 4434397, 4942
11031, 1, 916, 2382, 1931, 0, 7.54%, 166, 132, 15, 2191.18, 4441044, 4942
